# lon[degrees] lat[degrees] depth[km] strike[degrees] dip[degrees] length[km] width[km] left-lateral[m] thrust[m] tensile[m]
-1.5404 -4.2473 0.0000 20.0000 80.0000 25000.0000 50000.0000 0.0000 0.0000 0.0000
-1.4630 -4.0351 0.0000 20.0000 80.0000 25000.0000 50000.0000 0.0000 0.0000 0.0000
-1.3857 -3.8229 0.0000 20.0000 80.0000 25000.0000 50000.0000 0.0000 0.0000 0.0000
-1.3084 -3.6106 0.0000 20.0000 80.0000 25000.0000 50000.0000 0.0000 0.0000 0.0000
-1.2312 -3.3984 0.0000 20.0000 80.0000 25000.0000 50000.0000 0.0000 0.0000 0.0000
-1.1540 -3.1861 0.0000 20.0000 80.0000 25000.0000 50000.0000 0.0000 0.0000 0.0000
-1.0768 -2.9738 0.0000 20.0000 80.0000 25000.0000 50000.0000 0.0000 0.0000 0.0000
-0.9997 -2.7614 0.0000 20.0000 80.0000 25000.0000 50000.0000 0.0216 -0.0216 0.0000
-0.9227 -2.5491 0.0000 20.0000 80.0000 25000.0000 50000.0000 0.0138 0.0138 0.0000
-0.8456 -2.3367 0.0000 20.0000 80.0000 25000.0000 50000.0000 0.0712 0.0485 0.0000
-0.7687 -2.1243 0.0000 20.0000 80.0000 25000.0000 50000.0000 0.1619 0.0052 0.0000
-0.6917 -1.9119 0.0000 20.0000 80.0000 25000.0000 50000.0000 0.1729 -0.0264 0.0000
-0.6148 -1.6995 0.0000 20.0000 80.0000 25000.0000 50000.0000 0.1519 -0.0434 0.0000
-0.5379 -1.4871 0.0000 20.0000 80.0000 25000.0000 50000.0000 0.1330 -0.0479 0.0000
-0.4610 -1.2747 0.0000 20.0000 80.0000 25000.0000 50000.0000 0.1200 -0.0441 0.0000
-0.3841 -1.0622 0.0000 20.0000 80.0000 25000.0000 50000.0000 0.1132 -0.0360 0.0000
-0.3073 -0.8498 0.0000 20.0000 80.0000 25000.0000 50000.0000 0.1144 -0.0223 0.0000
-0.2304 -0.6374 0.0000 20.0000 80.0000 25000.0000 50000.0000 0.1171 -0.0013 0.0000
-0.1536 -0.4249 0.0000 20.0000 80.0000 25000.0000 50000.0000 0.1132 0.0208 0.0000
-0.0768 -0.2125 0.0000 20.0000 80.0000 25000.0000 50000.0000 0.1102 0.0322 0.0000
0.0000 0.0000 0.0000 20.0000 80.0000 25000.0000 50000.0000 0.1238 0.0294 0.0000
0.0768 0.2125 0.0000 20.0000 80.0000 25000.0000 50000.0000 0.1513 0.0200 0.0000
0.1536 0.4249 0.0000 20.0000 80.0000 25000.0000 50000.0000 0.1481 0.0083 0.0000
0.2304 0.6374 0.0000 20.0000 80.0000 25000.0000 50000.0000 0.1062 -0.0189 0.0000
0.3073 0.8498 0.0000 20.0000 80.0000 25000.0000 50000.0000 0.1006 -0.0448 0.0000
0.3841 1.0623 0.0000 20.0000 80.0000 25000.0000 50000.0000 0.1064 -0.0556 0.0000
0.4610 1.2747 0.0000 20.0000 80.0000 25000.0000 50000.0000 0.1030 -0.0579 0.0000
0.5378 1.4872 0.0000 20.0000 80.0000 25000.0000 50000.0000 0.0947 -0.0531 0.0000
0.6147 1.6996 0.0000 20.0000 80.0000 25000.0000 50000.0000 0.0869 -0.0398 0.0000
0.6916 1.9120 0.0000 20.0000 80.0000 25000.0000 50000.0000 0.0792 -0.0146 0.0000
0.7686 2.1244 0.0000 20.0000 80.0000 25000.0000 50000.0000 0.0593 0.0279 0.0000
0.8455 2.3368 0.0000 20.0000 80.0000 25000.0000 50000.0000 0.0448 0.0448 0.0000
0.9225 2.5492 0.0000 20.0000 80.0000 25000.0000 50000.0000 0.0019 0.0019 0.0000
0.9995 2.7616 0.0000 20.0000 80.0000 25000.0000 50000.0000 0.0000 0.0000 0.0000
1.0766 2.9739 0.0000 20.0000 80.0000 25000.0000 50000.0000 0.0000 0.0000 0.0000
1.1537 3.1863 0.0000 20.0000 80.0000 25000.0000 50000.0000 0.0000 0.0000 0.0000
1.2309 3.3986 0.0000 20.0000 80.0000 25000.0000 50000.0000 0.0000 0.0000 0.0000
1.3081 3.6109 0.0000 20.0000 80.0000 25000.0000 50000.0000 0.0000 0.0000 0.0000
1.3853 3.8232 0.0000 20.0000 80.0000 25000.0000 50000.0000 0.0000 0.0000 0.0000
1.4627 4.0355 0.0000 20.0000 80.0000 25000.0000 50000.0000 0.0000 0.0000 0.0000
-1.4670 -4.2743 -49240.3877 20.0000 80.0000 25000.0000 50000.0000 0.0000 0.0000 0.0000
-1.3896 -4.0621 -49240.3877 20.0000 80.0000 25000.0000 50000.0000 0.0000 0.0000 0.0000
-1.3123 -3.8499 -49240.3877 20.0000 80.0000 25000.0000 50000.0000 0.0000 0.0000 0.0000
-1.2350 -3.6376 -49240.3877 20.0000 80.0000 25000.0000 50000.0000 0.0000 0.0000 0.0000
-1.1578 -3.4253 -49240.3877 20.0000 80.0000 25000.0000 50000.0000 0.0000 0.0000 0.0000
-1.0806 -3.2130 -49240.3877 20.0000 80.0000 25000.0000 50000.0000 0.0000 0.0000 0.0000
-1.0035 -3.0007 -49240.3877 20.0000 80.0000 25000.0000 50000.0000 0.0000 0.0000 0.0000
-0.9264 -2.7883 -49240.3877 20.0000 80.0000 25000.0000 50000.0000 0.0000 0.0000 0.0000
-0.8493 -2.5760 -49240.3877 20.0000 80.0000 25000.0000 50000.0000 0.0134 -0.0134 0.0000
-0.7723 -2.3636 -49240.3877 20.0000 80.0000 25000.0000 50000.0000 0.0581 -0.0581 0.0000
-0.6953 -2.1512 -49240.3877 20.0000 80.0000 25000.0000 50000.0000 0.1290 -0.0116 0.0000
-0.6184 -1.9388 -49240.3877 20.0000 80.0000 25000.0000 50000.0000 0.1521 0.0225 0.0000
-0.5415 -1.7264 -49240.3877 20.0000 80.0000 25000.0000 50000.0000 0.1522 0.0286 0.0000
-0.4646 -1.5140 -49240.3877 20.0000 80.0000 25000.0000 50000.0000 0.1593 0.0166 0.0000
-0.3877 -1.3016 -49240.3877 20.0000 80.0000 25000.0000 50000.0000 0.1825 -0.0008 0.0000
-0.3108 -1.0891 -49240.3877 20.0000 80.0000 25000.0000 50000.0000 0.2203 -0.0145 0.0000
-0.2340 -0.8767 -49240.3877 20.0000 80.0000 25000.0000 50000.0000 0.2682 -0.0176 0.0000
-0.1572 -0.6642 -49240.3877 20.0000 80.0000 25000.0000 50000.0000 0.3163 -0.0060 0.0000
-0.0803 -0.4518 -49240.3877 20.0000 80.0000 25000.0000 50000.0000 0.3517 0.0158 0.0000
-0.0035 -0.2393 -49240.3877 20.0000 80.0000 25000.0000 50000.0000 0.3673 0.0354 0.0000
0.0733 -0.0269 -49240.3877 20.0000 80.0000 25000.0000 50000.0000 0.3656 0.0407 0.0000
0.1501 0.1856 -49240.3877 20.0000 80.0000 25000.0000 50000.0000 0.3538 0.0278 0.0000
0.2269 0.3981 -49240.3877 20.0000 80.0000 25000.0000 50000.0000 0.3386 0.0037 0.0000
0.3037 0.6105 -49240.3877 20.0000 80.0000 25000.0000 50000.0000 0.3192 -0.0177 0.0000
0.3806 0.8230 -49240.3877 20.0000 80.0000 25000.0000 50000.0000 0.2889 -0.0309 0.0000
0.4574 1.0354 -49240.3877 20.0000 80.0000 25000.0000 50000.0000 0.2480 -0.0413 0.0000
0.5343 1.2478 -49240.3877 20.0000 80.0000 25000.0000 50000.0000 0.2044 -0.0505 0.0000
0.6111 1.4603 -49240.3877 20.0000 80.0000 25000.0000 50000.0000 0.1661 -0.0536 0.0000
0.6880 1.6727 -49240.3877 20.0000 80.0000 25000.0000 50000.0000 0.1370 -0.0435 0.0000
0.7649 1.8851 -49240.3877 20.0000 80.0000 25000.0000 50000.0000 0.1130 -0.0121 0.0000
0.8419 2.0975 -49240.3877 20.0000 80.0000 25000.0000 50000.0000 0.0758 0.0474 0.0000
0.9188 2.3099 -49240.3877 20.0000 80.0000 25000.0000 50000.0000 0.0608 0.0608 0.0000
0.9959 2.5223 -49240.3877 20.0000 80.0000 25000.0000 50000.0000 0.0062 0.0062 0.0000
1.0729 2.7347 -49240.3877 20.0000 80.0000 25000.0000 50000.0000 0.0000 0.0000 0.0000
1.1500 2.9470 -49240.3877 20.0000 80.0000 25000.0000 50000.0000 0.0000 0.0000 0.0000
1.2271 3.1593 -49240.3877 20.0000 80.0000 25000.0000 50000.0000 0.0000 0.0000 0.0000
1.3043 3.3717 -49240.3877 20.0000 80.0000 25000.0000 50000.0000 0.0000 0.0000 0.0000
1.3815 3.5840 -49240.3877 20.0000 80.0000 25000.0000 50000.0000 0.0000 0.0000 0.0000
1.4587 3.7962 -49240.3877 20.0000 80.0000 25000.0000 50000.0000 0.0025 -0.0025 0.0000
1.5361 4.0085 -49240.3877 20.0000 80.0000 25000.0000 50000.0000 0.0010 0.0010 0.0000
-1.3936 -4.3013 -98480.7753 20.0000 80.0000 25000.0000 50000.0000 0.0000 0.0000 0.0000
-1.3162 -4.0891 -98480.7753 20.0000 80.0000 25000.0000 50000.0000 0.0000 0.0000 0.0000
-1.2389 -3.8768 -98480.7753 20.0000 80.0000 25000.0000 50000.0000 0.0000 0.0000 0.0000
-1.1616 -3.6646 -98480.7753 20.0000 80.0000 25000.0000 50000.0000 0.0000 0.0000 0.0000
-1.0844 -3.4523 -98480.7753 20.0000 80.0000 25000.0000 50000.0000 0.0000 0.0000 0.0000
-1.0072 -3.2399 -98480.7753 20.0000 80.0000 25000.0000 50000.0000 0.0000 0.0000 0.0000
-0.9301 -3.0276 -98480.7753 20.0000 80.0000 25000.0000 50000.0000 0.0000 0.0000 0.0000
-0.8530 -2.8153 -98480.7753 20.0000 80.0000 25000.0000 50000.0000 0.0000 0.0000 0.0000
-0.7760 -2.6029 -98480.7753 20.0000 80.0000 25000.0000 50000.0000 0.0000 0.0000 0.0000
-0.6990 -2.3905 -98480.7753 20.0000 80.0000 25000.0000 50000.0000 0.0348 -0.0214 0.0000
-0.6220 -2.1781 -98480.7753 20.0000 80.0000 25000.0000 50000.0000 0.1364 0.0114 0.0000
-0.5451 -1.9657 -98480.7753 20.0000 80.0000 25000.0000 50000.0000 0.2013 0.0443 0.0000
-0.4682 -1.7533 -98480.7753 20.0000 80.0000 25000.0000 50000.0000 0.2410 0.0607 0.0000
-0.3913 -1.5409 -98480.7753 20.0000 80.0000 25000.0000 50000.0000 0.2741 0.0580 0.0000
-0.3144 -1.3284 -98480.7753 20.0000 80.0000 25000.0000 50000.0000 0.3127 0.0436 0.0000
-0.2375 -1.1160 -98480.7753 20.0000 80.0000 25000.0000 50000.0000 0.3601 0.0272 0.0000
-0.1607 -0.9035 -98480.7753 20.0000 80.0000 25000.0000 50000.0000 0.4126 0.0163 0.0000
-0.0839 -0.6911 -98480.7753 20.0000 80.0000 25000.0000 50000.0000 0.4630 0.0147 0.0000
-0.0070 -0.4786 -98480.7753 20.0000 80.0000 25000.0000 50000.0000 0.5031 0.0208 0.0000
0.0698 -0.2662 -98480.7753 20.0000 80.0000 25000.0000 50000.0000 0.5272 0.0292 0.0000
0.1466 -0.0537 -98480.7753 20.0000 80.0000 25000.0000 50000.0000 0.5338 0.0337 0.0000
0.2234 0.1587 -98480.7753 20.0000 80.0000 25000.0000 50000.0000 0.5242 0.0307 0.0000
0.3002 0.3712 -98480.7753 20.0000 80.0000 25000.0000 50000.0000 0.5006 0.0204 0.0000
0.3770 0.5837 -98480.7753 20.0000 80.0000 25000.0000 50000.0000 0.4645 0.0050 0.0000
0.4539 0.7961 -98480.7753 20.0000 80.0000 25000.0000 50000.0000 0.4171 -0.0134 0.0000
0.5307 1.0085 -98480.7753 20.0000 80.0000 25000.0000 50000.0000 0.3611 -0.0334 0.0000
0.6076 1.2210 -98480.7753 20.0000 80.0000 25000.0000 50000.0000 0.3016 -0.0526 0.0000
0.6844 1.4334 -98480.7753 20.0000 80.0000 25000.0000 50000.0000 0.2442 -0.0665 0.0000
0.7613 1.6458 -98480.7753 20.0000 80.0000 25000.0000 50000.0000 0.1915 -0.0683 0.0000
0.8382 1.8582 -98480.7753 20.0000 80.0000 25000.0000 50000.0000 0.1400 -0.0513 0.0000
0.9152 2.0706 -98480.7753 20.0000 80.0000 25000.0000 50000.0000 0.0757 -0.0120 0.0000
0.9922 2.2830 -98480.7753 20.0000 80.0000 25000.0000 50000.0000 0.0096 0.0096 0.0000
1.0692 2.4954 -98480.7753 20.0000 80.0000 25000.0000 50000.0000 0.0000 0.0000 0.0000
1.1462 2.7077 -98480.7753 20.0000 80.0000 25000.0000 50000.0000 0.0000 0.0000 0.0000
1.2233 2.9201 -98480.7753 20.0000 80.0000 25000.0000 50000.0000 0.0000 0.0000 0.0000
1.3004 3.1324 -98480.7753 20.0000 80.0000 25000.0000 50000.0000 0.0000 0.0000 0.0000
1.3776 3.3447 -98480.7753 20.0000 80.0000 25000.0000 50000.0000 0.0000 0.0000 0.0000
1.4548 3.5570 -98480.7753 20.0000 80.0000 25000.0000 50000.0000 0.0000 0.0000 0.0000
1.5321 3.7693 -98480.7753 20.0000 80.0000 25000.0000 50000.0000 0.0000 0.0000 0.0000
1.6095 3.9815 -98480.7753 20.0000 80.0000 25000.0000 50000.0000 0.0000 0.0000 0.0000
-1.3202 -4.3283 -147721.1630 20.0000 80.0000 25000.0000 50000.0000 0.0000 0.0000 0.0000
-1.2428 -4.1161 -147721.1630 20.0000 80.0000 25000.0000 50000.0000 0.0000 0.0000 0.0000
-1.1655 -3.9038 -147721.1630 20.0000 80.0000 25000.0000 50000.0000 0.0000 0.0000 0.0000
-1.0882 -3.6915 -147721.1630 20.0000 80.0000 25000.0000 50000.0000 0.0000 0.0000 0.0000
-1.0110 -3.4792 -147721.1630 20.0000 80.0000 25000.0000 50000.0000 0.0000 0.0000 0.0000
-0.9339 -3.2669 -147721.1630 20.0000 80.0000 25000.0000 50000.0000 0.0000 0.0000 0.0000
-0.8568 -3.0545 -147721.1630 20.0000 80.0000 25000.0000 50000.0000 0.0000 0.0000 0.0000
-0.7797 -2.8422 -147721.1630 20.0000 80.0000 25000.0000 50000.0000 0.0000 0.0000 0.0000
-0.7027 -2.6298 -147721.1630 20.0000 80.0000 25000.0000 50000.0000 0.0093 0.0093 0.0000
-0.6257 -2.4174 -147721.1630 20.0000 80.0000 25000.0000 50000.0000 0.0914 0.0194 0.0000
-0.5487 -2.2050 -147721.1630 20.0000 80.0000 25000.0000 50000.0000 0.1800 0.0245 0.0000
-0.4717 -1.9926 -147721.1630 20.0000 80.0000 25000.0000 50000.0000 0.2531 0.0345 0.0000
-0.3948 -1.7802 -147721.1630 20.0000 80.0000 25000.0000 50000.0000 0.3122 0.0412 0.0000
-0.3179 -1.5677 -147721.1630 20.0000 80.0000 25000.0000 50000.0000 0.3634 0.0408 0.0000
-0.2411 -1.3553 -147721.1630 20.0000 80.0000 25000.0000 50000.0000 0.4124 0.0343 0.0000
-0.1642 -1.1428 -147721.1630 20.0000 80.0000 25000.0000 50000.0000 0.4619 0.0256 0.0000
-0.0874 -0.9304 -147721.1630 20.0000 80.0000 25000.0000 50000.0000 0.5108 0.0188 0.0000
-0.0106 -0.7179 -147721.1630 20.0000 80.0000 25000.0000 50000.0000 0.5555 0.0164 0.0000
0.0663 -0.5055 -147721.1630 20.0000 80.0000 25000.0000 50000.0000 0.5917 0.0182 0.0000
0.1431 -0.2930 -147721.1630 20.0000 80.0000 25000.0000 50000.0000 0.6154 0.0225 0.0000
0.2199 -0.0806 -147721.1630 20.0000 80.0000 25000.0000 50000.0000 0.6242 0.0263 0.0000
0.2967 0.1319 -147721.1630 20.0000 80.0000 25000.0000 50000.0000 0.6174 0.0272 0.0000
0.3735 0.3443 -147721.1630 20.0000 80.0000 25000.0000 50000.0000 0.5951 0.0235 0.0000
0.4503 0.5568 -147721.1630 20.0000 80.0000 25000.0000 50000.0000 0.5582 0.0147 0.0000
0.5272 0.7692 -147721.1630 20.0000 80.0000 25000.0000 50000.0000 0.5087 0.0008 0.0000
0.6040 0.9817 -147721.1630 20.0000 80.0000 25000.0000 50000.0000 0.4494 -0.0170 0.0000
0.6809 1.1941 -147721.1630 20.0000 80.0000 25000.0000 50000.0000 0.3842 -0.0366 0.0000
0.7577 1.4065 -147721.1630 20.0000 80.0000 25000.0000 50000.0000 0.3165 -0.0542 0.0000
0.8346 1.6189 -147721.1630 20.0000 80.0000 25000.0000 50000.0000 0.2483 -0.0652 0.0000
0.9116 1.8314 -147721.1630 20.0000 80.0000 25000.0000 50000.0000 0.1776 -0.0653 0.0000
0.9885 2.0437 -147721.1630 20.0000 80.0000 25000.0000 50000.0000 0.0977 -0.0524 0.0000
1.0655 2.2561 -147721.1630 20.0000 80.0000 25000.0000 50000.0000 0.0139 -0.0139 0.0000
1.1425 2.4685 -147721.1630 20.0000 80.0000 25000.0000 50000.0000 0.0000 0.0000 0.0000
1.2196 2.6808 -147721.1630 20.0000 80.0000 25000.0000 50000.0000 0.0000 0.0000 0.0000
1.2967 2.8932 -147721.1630 20.0000 80.0000 25000.0000 50000.0000 0.0000 0.0000 0.0000
1.3738 3.1055 -147721.1630 20.0000 80.0000 25000.0000 50000.0000 0.0000 0.0000 0.0000
1.4510 3.3178 -147721.1630 20.0000 80.0000 25000.0000 50000.0000 0.0000 0.0000 0.0000
1.5282 3.5300 -147721.1630 20.0000 80.0000 25000.0000 50000.0000 0.0000 0.0000 0.0000
1.6055 3.7423 -147721.1630 20.0000 80.0000 25000.0000 50000.0000 0.0000 0.0000 0.0000
1.6828 3.9545 -147721.1630 20.0000 80.0000 25000.0000 50000.0000 0.0000 0.0000 0.0000
-1.2468 -4.3553 -196961.5506 20.0000 80.0000 25000.0000 50000.0000 0.0000 0.0000 0.0000
-1.1694 -4.1430 -196961.5506 20.0000 80.0000 25000.0000 50000.0000 0.0000 0.0000 0.0000
-1.0921 -3.9308 -196961.5506 20.0000 80.0000 25000.0000 50000.0000 0.0000 0.0000 0.0000
-1.0148 -3.7185 -196961.5506 20.0000 80.0000 25000.0000 50000.0000 0.0000 0.0000 0.0000
-0.9377 -3.5061 -196961.5506 20.0000 80.0000 25000.0000 50000.0000 0.0000 0.0000 0.0000
-0.8605 -3.2938 -196961.5506 20.0000 80.0000 25000.0000 50000.0000 0.0000 0.0000 0.0000
-0.7834 -3.0814 -196961.5506 20.0000 80.0000 25000.0000 50000.0000 0.0000 0.0000 0.0000
-0.7063 -2.8691 -196961.5506 20.0000 80.0000 25000.0000 50000.0000 0.0129 0.0129 0.0000
-0.6293 -2.6567 -196961.5506 20.0000 80.0000 25000.0000 50000.0000 0.0610 0.0244 0.0000
-0.5523 -2.4443 -196961.5506 20.0000 80.0000 25000.0000 50000.0000 0.1396 0.0102 0.0000
-0.4754 -2.2319 -196961.5506 20.0000 80.0000 25000.0000 50000.0000 0.2139 0.0026 0.0000
-0.3984 -2.0195 -196961.5506 20.0000 80.0000 25000.0000 50000.0000 0.2820 -0.0006 0.0000
-0.3215 -1.8070 -196961.5506 20.0000 80.0000 25000.0000 50000.0000 0.3438 -0.0021 0.0000
-0.2446 -1.5946 -196961.5506 20.0000 80.0000 25000.0000 50000.0000 0.4003 -0.0037 0.0000
-0.1678 -1.3822 -196961.5506 20.0000 80.0000 25000.0000 50000.0000 0.4530 -0.0058 0.0000
-0.0909 -1.1697 -196961.5506 20.0000 80.0000 25000.0000 50000.0000 0.5026 -0.0075 0.0000
-0.0141 -0.9573 -196961.5506 20.0000 80.0000 25000.0000 50000.0000 0.5485 -0.0075 0.0000
0.0627 -0.7448 -196961.5506 20.0000 80.0000 25000.0000 50000.0000 0.5888 -0.0047 0.0000
0.1395 -0.5323 -196961.5506 20.0000 80.0000 25000.0000 50000.0000 0.6210 0.0008 0.0000
0.2164 -0.3199 -196961.5506 20.0000 80.0000 25000.0000 50000.0000 0.6427 0.0081 0.0000
0.2932 -0.1074 -196961.5506 20.0000 80.0000 25000.0000 50000.0000 0.6519 0.0157 0.0000
0.3700 0.1050 -196961.5506 20.0000 80.0000 25000.0000 50000.0000 0.6473 0.0221 0.0000
0.4468 0.3175 -196961.5506 20.0000 80.0000 25000.0000 50000.0000 0.6284 0.0255 0.0000
0.5236 0.5299 -196961.5506 20.0000 80.0000 25000.0000 50000.0000 0.5957 0.0249 0.0000
0.6004 0.7424 -196961.5506 20.0000 80.0000 25000.0000 50000.0000 0.5503 0.0196 0.0000
0.6773 0.9548 -196961.5506 20.0000 80.0000 25000.0000 50000.0000 0.4942 0.0099 0.0000
0.7542 1.1672 -196961.5506 20.0000 80.0000 25000.0000 50000.0000 0.4299 -0.0032 0.0000
0.8310 1.3797 -196961.5506 20.0000 80.0000 25000.0000 50000.0000 0.3598 -0.0177 0.0000
0.9079 1.5921 -196961.5506 20.0000 80.0000 25000.0000 50000.0000 0.2853 -0.0312 0.0000
0.9849 1.8045 -196961.5506 20.0000 80.0000 25000.0000 50000.0000 0.2062 -0.0412 0.0000
1.0618 2.0168 -196961.5506 20.0000 80.0000 25000.0000 50000.0000 0.1204 -0.0467 0.0000
1.1388 2.2292 -196961.5506 20.0000 80.0000 25000.0000 50000.0000 0.0367 -0.0367 0.0000
1.2158 2.4416 -196961.5506 20.0000 80.0000 25000.0000 50000.0000 0.0000 0.0000 0.0000
1.2929 2.6539 -196961.5506 20.0000 80.0000 25000.0000 50000.0000 0.0000 0.0000 0.0000
1.3700 2.8662 -196961.5506 20.0000 80.0000 25000.0000 50000.0000 0.0000 0.0000 0.0000
1.4471 3.0785 -196961.5506 20.0000 80.0000 25000.0000 50000.0000 0.0000 0.0000 0.0000
1.5243 3.2908 -196961.5506 20.0000 80.0000 25000.0000 50000.0000 0.0000 0.0000 0.0000
1.6016 3.5031 -196961.5506 20.0000 80.0000 25000.0000 50000.0000 0.0000 0.0000 0.0000
1.6789 3.7153 -196961.5506 20.0000 80.0000 25000.0000 50000.0000 0.0000 0.0000 0.0000
1.7562 3.9275 -196961.5506 20.0000 80.0000 25000.0000 50000.0000 0.0000 0.0000 0.0000
-1.1733 -4.3823 -246201.9383 20.0000 80.0000 25000.0000 50000.0000 0.0000 0.0000 0.0000
-1.0960 -4.1700 -246201.9383 20.0000 80.0000 25000.0000 50000.0000 0.0000 0.0000 0.0000
-1.0187 -3.9577 -246201.9383 20.0000 80.0000 25000.0000 50000.0000 0.0000 0.0000 0.0000
-0.9414 -3.7454 -246201.9383 20.0000 80.0000 25000.0000 50000.0000 0.0000 0.0000 0.0000
-0.8643 -3.5331 -246201.9383 20.0000 80.0000 25000.0000 50000.0000 0.0000 0.0000 0.0000
-0.7871 -3.3207 -246201.9383 20.0000 80.0000 25000.0000 50000.0000 0.0000 0.0000 0.0000
-0.7100 -3.1083 -246201.9383 20.0000 80.0000 25000.0000 50000.0000 0.0050 0.0050 0.0000
-0.6330 -2.8960 -246201.9383 20.0000 80.0000 25000.0000 50000.0000 0.0272 0.0220 0.0000
-0.5560 -2.6836 -246201.9383 20.0000 80.0000 25000.0000 50000.0000 0.0929 0.0002 0.0000
-0.4790 -2.4712 -246201.9383 20.0000 80.0000 25000.0000 50000.0000 0.1576 -0.0166 0.0000
-0.4020 -2.2588 -246201.9383 20.0000 80.0000 25000.0000 50000.0000 0.2205 -0.0287 0.0000
-0.3251 -2.0463 -246201.9383 20.0000 80.0000 25000.0000 50000.0000 0.2810 -0.0367 0.0000
-0.2482 -1.8339 -246201.9383 20.0000 80.0000 25000.0000 50000.0000 0.3386 -0.0415 0.0000
-0.1713 -1.6215 -246201.9383 20.0000 80.0000 25000.0000 50000.0000 0.3929 -0.0438 0.0000
-0.0945 -1.4090 -246201.9383 20.0000 80.0000 25000.0000 50000.0000 0.4439 -0.0437 0.0000
-0.0176 -1.1966 -246201.9383 20.0000 80.0000 25000.0000 50000.0000 0.4911 -0.0412 0.0000
0.0592 -0.9841 -246201.9383 20.0000 80.0000 25000.0000 50000.0000 0.5337 -0.0362 0.0000
0.1360 -0.7717 -246201.9383 20.0000 80.0000 25000.0000 50000.0000 0.5704 -0.0284 0.0000
0.2128 -0.5592 -246201.9383 20.0000 80.0000 25000.0000 50000.0000 0.5995 -0.0183 0.0000
0.2897 -0.3467 -246201.9383 20.0000 80.0000 25000.0000 50000.0000 0.6193 -0.0064 0.0000
0.3665 -0.1343 -246201.9383 20.0000 80.0000 25000.0000 50000.0000 0.6283 0.0062 0.0000
0.4433 0.0782 -246201.9383 20.0000 80.0000 25000.0000 50000.0000 0.6254 0.0182 0.0000
0.5201 0.2906 -246201.9383 20.0000 80.0000 25000.0000 50000.0000 0.6099 0.0284 0.0000
0.5969 0.5031 -246201.9383 20.0000 80.0000 25000.0000 50000.0000 0.5818 0.0355 0.0000
0.6737 0.7155 -246201.9383 20.0000 80.0000 25000.0000 50000.0000 0.5419 0.0386 0.0000
0.7506 0.9279 -246201.9383 20.0000 80.0000 25000.0000 50000.0000 0.4913 0.0374 0.0000
0.8274 1.1404 -246201.9383 20.0000 80.0000 25000.0000 50000.0000 0.4315 0.0319 0.0000
0.9043 1.3528 -246201.9383 20.0000 80.0000 25000.0000 50000.0000 0.3642 0.0227 0.0000
0.9812 1.5652 -246201.9383 20.0000 80.0000 25000.0000 50000.0000 0.2908 0.0108 0.0000
1.0582 1.7776 -246201.9383 20.0000 80.0000 25000.0000 50000.0000 0.2118 -0.0030 0.0000
1.1351 1.9900 -246201.9383 20.0000 80.0000 25000.0000 50000.0000 0.1273 -0.0182 0.0000
1.2121 2.2023 -246201.9383 20.0000 80.0000 25000.0000 50000.0000 0.0369 -0.0355 0.0000
1.2892 2.4147 -246201.9383 20.0000 80.0000 25000.0000 50000.0000 0.0000 0.0000 0.0000
1.3662 2.6270 -246201.9383 20.0000 80.0000 25000.0000 50000.0000 0.0000 0.0000 0.0000
1.4433 2.8393 -246201.9383 20.0000 80.0000 25000.0000 50000.0000 0.0000 0.0000 0.0000
1.5205 3.0516 -246201.9383 20.0000 80.0000 25000.0000 50000.0000 0.0000 0.0000 0.0000
1.5977 3.2639 -246201.9383 20.0000 80.0000 25000.0000 50000.0000 0.0000 0.0000 0.0000
1.6749 3.4761 -246201.9383 20.0000 80.0000 25000.0000 50000.0000 0.0000 0.0000 0.0000
1.7522 3.6883 -246201.9383 20.0000 80.0000 25000.0000 50000.0000 0.0000 0.0000 0.0000
1.8296 3.9005 -246201.9383 20.0000 80.0000 25000.0000 50000.0000 0.0000 0.0000 0.0000
-1.0999 -4.4092 -295442.3259 20.0000 80.0000 25000.0000 50000.0000 0.0074 0.0074 0.0000
-1.0225 -4.1970 -295442.3259 20.0000 80.0000 25000.0000 50000.0000 0.0000 0.0000 0.0000
-0.9453 -3.9847 -295442.3259 20.0000 80.0000 25000.0000 50000.0000 0.0000 0.0000 0.0000
-0.8680 -3.7723 -295442.3259 20.0000 80.0000 25000.0000 50000.0000 0.0000 0.0000 0.0000
-0.7909 -3.5600 -295442.3259 20.0000 80.0000 25000.0000 50000.0000 0.0000 0.0000 0.0000
-0.7137 -3.3476 -295442.3259 20.0000 80.0000 25000.0000 50000.0000 0.0000 0.0000 0.0000
-0.6367 -3.1353 -295442.3259 20.0000 80.0000 25000.0000 50000.0000 0.0091 0.0091 0.0000
-0.5596 -2.9229 -295442.3259 20.0000 80.0000 25000.0000 50000.0000 0.0426 0.0029 0.0000
-0.4826 -2.7105 -295442.3259 20.0000 80.0000 25000.0000 50000.0000 0.0962 -0.0185 0.0000
-0.4056 -2.4981 -295442.3259 20.0000 80.0000 25000.0000 50000.0000 0.1500 -0.0356 0.0000
-0.3287 -2.2856 -295442.3259 20.0000 80.0000 25000.0000 50000.0000 0.2034 -0.0488 0.0000
-0.2518 -2.0732 -295442.3259 20.0000 80.0000 25000.0000 50000.0000 0.2559 -0.0582 0.0000
-0.1749 -1.8608 -295442.3259 20.0000 80.0000 25000.0000 50000.0000 0.3069 -0.0639 0.0000
-0.0980 -1.6483 -295442.3259 20.0000 80.0000 25000.0000 50000.0000 0.3559 -0.0661 0.0000
-0.0211 -1.4359 -295442.3259 20.0000 80.0000 25000.0000 50000.0000 0.4022 -0.0650 0.0000
0.0557 -1.2234 -295442.3259 20.0000 80.0000 25000.0000 50000.0000 0.4449 -0.0607 0.0000
0.1325 -1.0110 -295442.3259 20.0000 80.0000 25000.0000 50000.0000 0.4833 -0.0532 0.0000
0.2093 -0.7985 -295442.3259 20.0000 80.0000 25000.0000 50000.0000 0.5160 -0.0428 0.0000
0.2861 -0.5860 -295442.3259 20.0000 80.0000 25000.0000 50000.0000 0.5418 -0.0298 0.0000
0.3629 -0.3736 -295442.3259 20.0000 80.0000 25000.0000 50000.0000 0.5595 -0.0151 0.0000
0.4397 -0.1611 -295442.3259 20.0000 80.0000 25000.0000 50000.0000 0.5678 0.0007 0.0000
0.5166 0.0513 -295442.3259 20.0000 80.0000 25000.0000 50000.0000 0.5658 0.0164 0.0000
0.5934 0.2638 -295442.3259 20.0000 80.0000 25000.0000 50000.0000 0.5530 0.0309 0.0000
0.6702 0.4762 -295442.3259 20.0000 80.0000 25000.0000 50000.0000 0.5291 0.0429 0.0000
0.7470 0.6886 -295442.3259 20.0000 80.0000 25000.0000 50000.0000 0.4946 0.0517 0.0000
0.8239 0.9011 -295442.3259 20.0000 80.0000 25000.0000 50000.0000 0.4501 0.0562 0.0000
0.9007 1.1135 -295442.3259 20.0000 80.0000 25000.0000 50000.0000 0.3967 0.0562 0.0000
0.9776 1.3259 -295442.3259 20.0000 80.0000 25000.0000 50000.0000 0.3356 0.0513 0.0000
1.0545 1.5383 -295442.3259 20.0000 80.0000 25000.0000 50000.0000 0.2679 0.0417 0.0000
1.1315 1.7507 -295442.3259 20.0000 80.0000 25000.0000 50000.0000 0.1948 0.0274 0.0000
1.2084 1.9631 -295442.3259 20.0000 80.0000 25000.0000 50000.0000 0.1172 0.0085 0.0000
1.2854 2.1754 -295442.3259 20.0000 80.0000 25000.0000 50000.0000 0.0357 -0.0155 0.0000
1.3625 2.3877 -295442.3259 20.0000 80.0000 25000.0000 50000.0000 0.0000 0.0000 0.0000
1.4395 2.6001 -295442.3259 20.0000 80.0000 25000.0000 50000.0000 0.0000 0.0000 0.0000
1.5167 2.8124 -295442.3259 20.0000 80.0000 25000.0000 50000.0000 0.0000 0.0000 0.0000
1.5938 3.0246 -295442.3259 20.0000 80.0000 25000.0000 50000.0000 0.0000 0.0000 0.0000
1.6710 3.2369 -295442.3259 20.0000 80.0000 25000.0000 50000.0000 0.0000 0.0000 0.0000
1.7483 3.4491 -295442.3259 20.0000 80.0000 25000.0000 50000.0000 0.0000 0.0000 0.0000
1.8256 3.6614 -295442.3259 20.0000 80.0000 25000.0000 50000.0000 0.0000 0.0000 0.0000
1.9030 3.8735 -295442.3259 20.0000 80.0000 25000.0000 50000.0000 0.0000 0.0000 0.0000
-1.0264 -4.4362 -344682.7136 20.0000 80.0000 25000.0000 50000.0000 0.0151 0.0151 0.0000
-0.9491 -4.2239 -344682.7136 20.0000 80.0000 25000.0000 50000.0000 0.0054 0.0054 0.0000
-0.8718 -4.0116 -344682.7136 20.0000 80.0000 25000.0000 50000.0000 0.0000 0.0000 0.0000
-0.7946 -3.7993 -344682.7136 20.0000 80.0000 25000.0000 50000.0000 0.0000 0.0000 0.0000
-0.7175 -3.5869 -344682.7136 20.0000 80.0000 25000.0000 50000.0000 0.0000 0.0000 0.0000
-0.6404 -3.3745 -344682.7136 20.0000 80.0000 25000.0000 50000.0000 0.0012 0.0012 0.0000
-0.5633 -3.1622 -344682.7136 20.0000 80.0000 25000.0000 50000.0000 0.0080 0.0080 0.0000
-0.4862 -2.9498 -344682.7136 20.0000 80.0000 25000.0000 50000.0000 0.0387 -0.0037 0.0000
-0.4092 -2.7374 -344682.7136 20.0000 80.0000 25000.0000 50000.0000 0.0823 -0.0237 0.0000
-0.3323 -2.5249 -344682.7136 20.0000 80.0000 25000.0000 50000.0000 0.1267 -0.0402 0.0000
-0.2553 -2.3125 -344682.7136 20.0000 80.0000 25000.0000 50000.0000 0.1716 -0.0531 0.0000
-0.1784 -2.1001 -344682.7136 20.0000 80.0000 25000.0000 50000.0000 0.2162 -0.0625 0.0000
-0.1015 -1.8876 -344682.7136 20.0000 80.0000 25000.0000 50000.0000 0.2600 -0.0684 0.0000
-0.0247 -1.6752 -344682.7136 20.0000 80.0000 25000.0000 50000.0000 0.3024 -0.0706 0.0000
0.0522 -1.4627 -344682.7136 20.0000 80.0000 25000.0000 50000.0000 0.3426 -0.0694 0.0000
0.1290 -1.2503 -344682.7136 20.0000 80.0000 25000.0000 50000.0000 0.3798 -0.0647 0.0000
0.2058 -1.0378 -344682.7136 20.0000 80.0000 25000.0000 50000.0000 0.4129 -0.0567 0.0000
0.2826 -0.8254 -344682.7136 20.0000 80.0000 25000.0000 50000.0000 0.4412 -0.0458 0.0000
0.3594 -0.6129 -344682.7136 20.0000 80.0000 25000.0000 50000.0000 0.4633 -0.0324 0.0000
0.4362 -0.4004 -344682.7136 20.0000 80.0000 25000.0000 50000.0000 0.4785 -0.0171 0.0000
0.5130 -0.1880 -344682.7136 20.0000 80.0000 25000.0000 50000.0000 0.4856 -0.0007 0.0000
0.5898 0.0245 -344682.7136 20.0000 80.0000 25000.0000 50000.0000 0.4840 0.0159 0.0000
0.6667 0.2369 -344682.7136 20.0000 80.0000 25000.0000 50000.0000 0.4732 0.0316 0.0000
0.7435 0.4494 -344682.7136 20.0000 80.0000 25000.0000 50000.0000 0.4529 0.0454 0.0000
0.8203 0.6618 -344682.7136 20.0000 80.0000 25000.0000 50000.0000 0.4235 0.0563 0.0000
0.8972 0.8742 -344682.7136 20.0000 80.0000 25000.0000 50000.0000 0.3853 0.0634 0.0000
0.9740 1.0866 -344682.7136 20.0000 80.0000 25000.0000 50000.0000 0.3391 0.0659 0.0000
1.0509 1.2990 -344682.7136 20.0000 80.0000 25000.0000 50000.0000 0.2858 0.0634 0.0000
1.1278 1.5114 -344682.7136 20.0000 80.0000 25000.0000 50000.0000 0.2267 0.0554 0.0000
1.2048 1.7238 -344682.7136 20.0000 80.0000 25000.0000 50000.0000 0.1627 0.0417 0.0000
1.2817 1.9362 -344682.7136 20.0000 80.0000 25000.0000 50000.0000 0.0950 0.0221 0.0000
1.3587 2.1485 -344682.7136 20.0000 80.0000 25000.0000 50000.0000 0.0247 -0.0036 0.0000
1.4358 2.3608 -344682.7136 20.0000 80.0000 25000.0000 50000.0000 0.0000 0.0000 0.0000
1.5129 2.5731 -344682.7136 20.0000 80.0000 25000.0000 50000.0000 0.0000 0.0000 0.0000
1.5900 2.7854 -344682.7136 20.0000 80.0000 25000.0000 50000.0000 0.0000 0.0000 0.0000
1.6671 2.9977 -344682.7136 20.0000 80.0000 25000.0000 50000.0000 0.0000 0.0000 0.0000
1.7444 3.2099 -344682.7136 20.0000 80.0000 25000.0000 50000.0000 0.0000 0.0000 0.0000
1.8216 3.4222 -344682.7136 20.0000 80.0000 25000.0000 50000.0000 0.0000 0.0000 0.0000
1.8989 3.6344 -344682.7136 20.0000 80.0000 25000.0000 50000.0000 0.0000 0.0000 0.0000
1.9763 3.8465 -344682.7136 20.0000 80.0000 25000.0000 50000.0000 0.0000 0.0000 0.0000
-0.9530 -4.4632 -393923.1012 20.0000 80.0000 25000.0000 50000.0000 0.0182 0.0182 0.0000
-0.8757 -4.2509 -393923.1012 20.0000 80.0000 25000.0000 50000.0000 0.0102 0.0102 0.0000
-0.7984 -4.0385 -393923.1012 20.0000 80.0000 25000.0000 50000.0000 0.0044 0.0044 0.0000
-0.7212 -3.8262 -393923.1012 20.0000 80.0000 25000.0000 50000.0000 0.0012 0.0012 0.0000
-0.6441 -3.6138 -393923.1012 20.0000 80.0000 25000.0000 50000.0000 0.0004 0.0004 0.0000
-0.5670 -3.4014 -393923.1012 20.0000 80.0000 25000.0000 50000.0000 0.0021 0.0021 0.0000
-0.4899 -3.1891 -393923.1012 20.0000 80.0000 25000.0000 50000.0000 0.0062 0.0062 0.0000
-0.4129 -2.9767 -393923.1012 20.0000 80.0000 25000.0000 50000.0000 0.0243 0.0008 0.0000
-0.3359 -2.7642 -393923.1012 20.0000 80.0000 25000.0000 50000.0000 0.0595 -0.0174 0.0000
-0.2589 -2.5518 -393923.1012 20.0000 80.0000 25000.0000 50000.0000 0.0959 -0.0326 0.0000
-0.1820 -2.3394 -393923.1012 20.0000 80.0000 25000.0000 50000.0000 0.1329 -0.0449 0.0000
-0.1051 -2.1269 -393923.1012 20.0000 80.0000 25000.0000 50000.0000 0.1701 -0.0539 0.0000
-0.0282 -1.9145 -393923.1012 20.0000 80.0000 25000.0000 50000.0000 0.2067 -0.0597 0.0000
0.0486 -1.7020 -393923.1012 20.0000 80.0000 25000.0000 50000.0000 0.2423 -0.0622 0.0000
0.1255 -1.4896 -393923.1012 20.0000 80.0000 25000.0000 50000.0000 0.2761 -0.0614 0.0000
0.2023 -1.2771 -393923.1012 20.0000 80.0000 25000.0000 50000.0000 0.3072 -0.0574 0.0000
0.2791 -1.0647 -393923.1012 20.0000 80.0000 25000.0000 50000.0000 0.3350 -0.0503 0.0000
0.3559 -0.8522 -393923.1012 20.0000 80.0000 25000.0000 50000.0000 0.3585 -0.0405 0.0000
0.4327 -0.6397 -393923.1012 20.0000 80.0000 25000.0000 50000.0000 0.3768 -0.0284 0.0000
0.5095 -0.4273 -393923.1012 20.0000 80.0000 25000.0000 50000.0000 0.3892 -0.0145 0.0000
0.5863 -0.2148 -393923.1012 20.0000 80.0000 25000.0000 50000.0000 0.3949 0.0004 0.0000
0.6631 -0.0024 -393923.1012 20.0000 80.0000 25000.0000 50000.0000 0.3933 0.0156 0.0000
0.7399 0.2101 -393923.1012 20.0000 80.0000 25000.0000 50000.0000 0.3841 0.0301 0.0000
0.8168 0.4225 -393923.1012 20.0000 80.0000 25000.0000 50000.0000 0.3670 0.0430 0.0000
0.8936 0.6349 -393923.1012 20.0000 80.0000 25000.0000 50000.0000 0.3423 0.0534 0.0000
0.9704 0.8473 -393923.1012 20.0000 80.0000 25000.0000 50000.0000 0.3103 0.0604 0.0000
1.0473 1.0597 -393923.1012 20.0000 80.0000 25000.0000 50000.0000 0.2714 0.0632 0.0000
1.1242 1.2721 -393923.1012 20.0000 80.0000 25000.0000 50000.0000 0.2267 0.0612 0.0000
1.2011 1.4845 -393923.1012 20.0000 80.0000 25000.0000 50000.0000 0.1769 0.0539 0.0000
1.2781 1.6969 -393923.1012 20.0000 80.0000 25000.0000 50000.0000 0.1231 0.0410 0.0000
1.3550 1.9093 -393923.1012 20.0000 80.0000 25000.0000 50000.0000 0.0664 0.0221 0.0000
1.4320 2.1216 -393923.1012 20.0000 80.0000 25000.0000 50000.0000 0.0080 -0.0028 0.0000
1.5091 2.3339 -393923.1012 20.0000 80.0000 25000.0000 50000.0000 0.0000 0.0000 0.0000
1.5862 2.5462 -393923.1012 20.0000 80.0000 25000.0000 50000.0000 0.0000 0.0000 0.0000
1.6633 2.7585 -393923.1012 20.0000 80.0000 25000.0000 50000.0000 0.0000 0.0000 0.0000
1.7405 2.9707 -393923.1012 20.0000 80.0000 25000.0000 50000.0000 0.0000 0.0000 0.0000
1.8177 3.1830 -393923.1012 20.0000 80.0000 25000.0000 50000.0000 0.0000 0.0000 0.0000
1.8950 3.3952 -393923.1012 20.0000 80.0000 25000.0000 50000.0000 0.0000 0.0000 0.0000
1.9723 3.6074 -393923.1012 20.0000 80.0000 25000.0000 50000.0000 0.0000 0.0000 0.0000
2.0497 3.8195 -393923.1012 20.0000 80.0000 25000.0000 50000.0000 0.0070 -0.0070 0.0000
-0.8795 -4.4901 -443163.4889 20.0000 80.0000 25000.0000 50000.0000 0.0201 0.0201 0.0000
-0.8022 -4.2778 -443163.4889 20.0000 80.0000 25000.0000 50000.0000 0.0131 0.0131 0.0000
-0.7250 -4.0655 -443163.4889 20.0000 80.0000 25000.0000 50000.0000 0.0078 0.0078 0.0000
-0.6478 -3.8531 -443163.4889 20.0000 80.0000 25000.0000 50000.0000 0.0042 0.0042 0.0000
-0.5706 -3.6407 -443163.4889 20.0000 80.0000 25000.0000 50000.0000 0.0025 0.0025 0.0000
-0.4936 -3.4283 -443163.4889 20.0000 80.0000 25000.0000 50000.0000 0.0027 0.0027 0.0000
-0.4165 -3.2159 -443163.4889 20.0000 80.0000 25000.0000 50000.0000 0.0049 0.0049 0.0000
-0.3395 -3.0035 -443163.4889 20.0000 80.0000 25000.0000 50000.0000 0.0090 0.0090 0.0000
-0.2625 -2.7911 -443163.4889 20.0000 80.0000 25000.0000 50000.0000 0.0336 -0.0038 0.0000
-0.1856 -2.5787 -443163.4889 20.0000 80.0000 25000.0000 50000.0000 0.0629 -0.0178 0.0000
-0.1086 -2.3662 -443163.4889 20.0000 80.0000 25000.0000 50000.0000 0.0929 -0.0292 0.0000
-0.0318 -2.1538 -443163.4889 20.0000 80.0000 25000.0000 50000.0000 0.1232 -0.0378 0.0000
0.0451 -1.9414 -443163.4889 20.0000 80.0000 25000.0000 50000.0000 0.1531 -0.0437 0.0000
0.1220 -1.7289 -443163.4889 20.0000 80.0000 25000.0000 50000.0000 0.1822 -0.0466 0.0000
0.1988 -1.5164 -443163.4889 20.0000 80.0000 25000.0000 50000.0000 0.2098 -0.0467 0.0000
0.2756 -1.3040 -443163.4889 20.0000 80.0000 25000.0000 50000.0000 0.2352 -0.0440 0.0000
0.3524 -1.0915 -443163.4889 20.0000 80.0000 25000.0000 50000.0000 0.2577 -0.0386 0.0000
0.4292 -0.8791 -443163.4889 20.0000 80.0000 25000.0000 50000.0000 0.2766 -0.0308 0.0000
0.5060 -0.6666 -443163.4889 20.0000 80.0000 25000.0000 50000.0000 0.2913 -0.0210 0.0000
0.5828 -0.4541 -443163.4889 20.0000 80.0000 25000.0000 50000.0000 0.3010 -0.0098 0.0000
0.6596 -0.2417 -443163.4889 20.0000 80.0000 25000.0000 50000.0000 0.3053 0.0024 0.0000
0.7364 -0.0292 -443163.4889 20.0000 80.0000 25000.0000 50000.0000 0.3036 0.0147 0.0000
0.8132 0.1832 -443163.4889 20.0000 80.0000 25000.0000 50000.0000 0.2957 0.0265 0.0000
0.8900 0.3956 -443163.4889 20.0000 80.0000 25000.0000 50000.0000 0.2815 0.0369 0.0000
0.9669 0.6081 -443163.4889 20.0000 80.0000 25000.0000 50000.0000 0.2611 0.0452 0.0000
1.0437 0.8205 -443163.4889 20.0000 80.0000 25000.0000 50000.0000 0.2348 0.0505 0.0000
1.1206 1.0329 -443163.4889 20.0000 80.0000 25000.0000 50000.0000 0.2030 0.0522 0.0000
1.1975 1.2453 -443163.4889 20.0000 80.0000 25000.0000 50000.0000 0.1664 0.0496 0.0000
1.2744 1.4576 -443163.4889 20.0000 80.0000 25000.0000 50000.0000 0.1258 0.0424 0.0000
1.3513 1.6700 -443163.4889 20.0000 80.0000 25000.0000 50000.0000 0.0820 0.0301 0.0000
1.4283 1.8823 -443163.4889 20.0000 80.0000 25000.0000 50000.0000 0.0361 0.0125 0.0000
1.5053 2.0947 -443163.4889 20.0000 80.0000 25000.0000 50000.0000 0.0000 0.0000 0.0000
1.5824 2.3070 -443163.4889 20.0000 80.0000 25000.0000 50000.0000 0.0000 0.0000 0.0000
1.6595 2.5193 -443163.4889 20.0000 80.0000 25000.0000 50000.0000 0.0000 0.0000 0.0000
1.7366 2.7315 -443163.4889 20.0000 80.0000 25000.0000 50000.0000 0.0000 0.0000 0.0000
1.8138 2.9438 -443163.4889 20.0000 80.0000 25000.0000 50000.0000 0.0000 0.0000 0.0000
1.8910 3.1560 -443163.4889 20.0000 80.0000 25000.0000 50000.0000 0.0000 0.0000 0.0000
1.9683 3.3682 -443163.4889 20.0000 80.0000 25000.0000 50000.0000 0.0000 0.0000 0.0000
2.0456 3.5804 -443163.4889 20.0000 80.0000 25000.0000 50000.0000 0.0050 -0.0050 0.0000
2.1230 3.7925 -443163.4889 20.0000 80.0000 25000.0000 50000.0000 0.0199 -0.0199 0.0000
-0.8060 -4.5171 -492403.8765 20.0000 80.0000 25000.0000 50000.0000 0.0219 0.0219 0.0000
-0.7287 -4.3047 -492403.8765 20.0000 80.0000 25000.0000 50000.0000 0.0157 0.0157 0.0000
-0.6515 -4.0924 -492403.8765 20.0000 80.0000 25000.0000 50000.0000 0.0106 0.0106 0.0000
-0.5744 -3.8800 -492403.8765 20.0000 80.0000 25000.0000 50000.0000 0.0068 0.0068 0.0000
-0.4972 -3.6676 -492403.8765 20.0000 80.0000 25000.0000 50000.0000 0.0044 0.0044 0.0000
-0.4202 -3.4552 -492403.8765 20.0000 80.0000 25000.0000 50000.0000 0.0036 0.0036 0.0000
-0.3431 -3.2428 -492403.8765 20.0000 80.0000 25000.0000 50000.0000 0.0043 0.0043 0.0000
-0.2661 -3.0304 -492403.8765 20.0000 80.0000 25000.0000 50000.0000 0.0065 0.0065 0.0000
-0.1891 -2.8180 -492403.8765 20.0000 80.0000 25000.0000 50000.0000 0.0103 0.0103 0.0000
-0.1122 -2.6056 -492403.8765 20.0000 80.0000 25000.0000 50000.0000 0.0311 0.0001 0.0000
-0.0353 -2.3931 -492403.8765 20.0000 80.0000 25000.0000 50000.0000 0.0549 -0.0105 0.0000
0.0416 -2.1807 -492403.8765 20.0000 80.0000 25000.0000 50000.0000 0.0791 -0.0189 0.0000
0.1185 -1.9682 -492403.8765 20.0000 80.0000 25000.0000 50000.0000 0.1030 -0.0249 0.0000
0.1953 -1.7558 -492403.8765 20.0000 80.0000 25000.0000 50000.0000 0.1262 -0.0284 0.0000
0.2721 -1.5433 -492403.8765 20.0000 80.0000 25000.0000 50000.0000 0.1482 -0.0296 0.0000
0.3489 -1.3308 -492403.8765 20.0000 80.0000 25000.0000 50000.0000 0.1683 -0.0284 0.0000
0.4257 -1.1184 -492403.8765 20.0000 80.0000 25000.0000 50000.0000 0.1861 -0.0251 0.0000
0.5025 -0.9059 -492403.8765 20.0000 80.0000 25000.0000 50000.0000 0.2010 -0.0198 0.0000
0.5793 -0.6934 -492403.8765 20.0000 80.0000 25000.0000 50000.0000 0.2123 -0.0128 0.0000
0.6561 -0.4810 -492403.8765 20.0000 80.0000 25000.0000 50000.0000 0.2197 -0.0047 0.0000
0.7329 -0.2685 -492403.8765 20.0000 80.0000 25000.0000 50000.0000 0.2227 0.0041 0.0000
0.8097 -0.0561 -492403.8765 20.0000 80.0000 25000.0000 50000.0000 0.2210 0.0130 0.0000
0.8865 0.1563 -492403.8765 20.0000 80.0000 25000.0000 50000.0000 0.2143 0.0214 0.0000
0.9633 0.3688 -492403.8765 20.0000 80.0000 25000.0000 50000.0000 0.2027 0.0287 0.0000
1.0402 0.5812 -492403.8765 20.0000 80.0000 25000.0000 50000.0000 0.1862 0.0341 0.0000
1.1170 0.7936 -492403.8765 20.0000 80.0000 25000.0000 50000.0000 0.1650 0.0371 0.0000
1.1939 1.0060 -492403.8765 20.0000 80.0000 25000.0000 50000.0000 0.1396 0.0370 0.0000
1.2708 1.2184 -492403.8765 20.0000 80.0000 25000.0000 50000.0000 0.1104 0.0333 0.0000
1.3477 1.4307 -492403.8765 20.0000 80.0000 25000.0000 50000.0000 0.0780 0.0258 0.0000
1.4246 1.6431 -492403.8765 20.0000 80.0000 25000.0000 50000.0000 0.0433 0.0139 0.0000
1.5016 1.8554 -492403.8765 20.0000 80.0000 25000.0000 50000.0000 0.0070 -0.0024 0.0000
1.5786 2.0678 -492403.8765 20.0000 80.0000 25000.0000 50000.0000 0.0000 0.0000 0.0000
1.6557 2.2801 -492403.8765 20.0000 80.0000 25000.0000 50000.0000 0.0000 0.0000 0.0000
1.7328 2.4923 -492403.8765 20.0000 80.0000 25000.0000 50000.0000 0.0000 0.0000 0.0000
1.8099 2.7046 -492403.8765 20.0000 80.0000 25000.0000 50000.0000 0.0000 0.0000 0.0000
1.8871 2.9168 -492403.8765 20.0000 80.0000 25000.0000 50000.0000 0.0000 0.0000 0.0000
1.9643 3.1290 -492403.8765 20.0000 80.0000 25000.0000 50000.0000 0.0000 0.0000 0.0000
2.0416 3.3412 -492403.8765 20.0000 80.0000 25000.0000 50000.0000 0.0023 -0.0023 0.0000
2.1190 3.5534 -492403.8765 20.0000 80.0000 25000.0000 50000.0000 0.0133 -0.0133 0.0000
2.1964 3.7655 -492403.8765 20.0000 80.0000 25000.0000 50000.0000 0.0267 -0.0267 0.0000
-0.7325 -4.5440 -541644.2642 20.0000 80.0000 25000.0000 50000.0000 0.0236 0.0236 0.0000
-0.6553 -4.3317 -541644.2642 20.0000 80.0000 25000.0000 50000.0000 0.0179 0.0179 0.0000
-0.5781 -4.1193 -541644.2642 20.0000 80.0000 25000.0000 50000.0000 0.0130 0.0130 0.0000
-0.5009 -3.9069 -541644.2642 20.0000 80.0000 25000.0000 50000.0000 0.0090 0.0090 0.0000
-0.4238 -3.6945 -541644.2642 20.0000 80.0000 25000.0000 50000.0000 0.0062 0.0062 0.0000
-0.3467 -3.4821 -541644.2642 20.0000 80.0000 25000.0000 50000.0000 0.0045 0.0045 0.0000
-0.2697 -3.2697 -541644.2642 20.0000 80.0000 25000.0000 50000.0000 0.0040 0.0040 0.0000
-0.1927 -3.0573 -541644.2642 20.0000 80.0000 25000.0000 50000.0000 0.0048 0.0048 0.0000
-0.1158 -2.8449 -541644.2642 20.0000 80.0000 25000.0000 50000.0000 0.0069 0.0069 0.0000
-0.0388 -2.6324 -541644.2642 20.0000 80.0000 25000.0000 50000.0000 0.0101 0.0101 0.0000
0.0381 -2.4200 -541644.2642 20.0000 80.0000 25000.0000 50000.0000 0.0210 0.0079 0.0000
0.1149 -2.2075 -541644.2642 20.0000 80.0000 25000.0000 50000.0000 0.0398 -0.0002 0.0000
0.1918 -1.9951 -541644.2642 20.0000 80.0000 25000.0000 50000.0000 0.0585 -0.0064 0.0000
0.2686 -1.7826 -541644.2642 20.0000 80.0000 25000.0000 50000.0000 0.0766 -0.0107 0.0000
0.3454 -1.5701 -541644.2642 20.0000 80.0000 25000.0000 50000.0000 0.0937 -0.0130 0.0000
0.4222 -1.3577 -541644.2642 20.0000 80.0000 25000.0000 50000.0000 0.1093 -0.0135 0.0000
0.4990 -1.1452 -541644.2642 20.0000 80.0000 25000.0000 50000.0000 0.1230 -0.0122 0.0000
0.5758 -0.9328 -541644.2642 20.0000 80.0000 25000.0000 50000.0000 0.1344 -0.0094 0.0000
0.6526 -0.7203 -541644.2642 20.0000 80.0000 25000.0000 50000.0000 0.1430 -0.0054 0.0000
0.7294 -0.5078 -541644.2642 20.0000 80.0000 25000.0000 50000.0000 0.1484 -0.0004 0.0000
0.8062 -0.2954 -541644.2642 20.0000 80.0000 25000.0000 50000.0000 0.1504 0.0051 0.0000
0.8830 -0.0829 -541644.2642 20.0000 80.0000 25000.0000 50000.0000 0.1487 0.0106 0.0000
0.9598 0.1295 -541644.2642 20.0000 80.0000 25000.0000 50000.0000 0.1432 0.0156 0.0000
1.0366 0.3419 -541644.2642 20.0000 80.0000 25000.0000 50000.0000 0.1338 0.0196 0.0000
1.1134 0.5543 -541644.2642 20.0000 80.0000 25000.0000 50000.0000 0.1206 0.0221 0.0000
1.1903 0.7667 -541644.2642 20.0000 80.0000 25000.0000 50000.0000 0.1039 0.0226 0.0000
1.2672 0.9791 -541644.2642 20.0000 80.0000 25000.0000 50000.0000 0.0839 0.0207 0.0000
1.3441 1.1915 -541644.2642 20.0000 80.0000 25000.0000 50000.0000 0.0611 0.0158 0.0000
1.4210 1.4039 -541644.2642 20.0000 80.0000 25000.0000 50000.0000 0.0359 0.0078 0.0000
1.4979 1.6162 -541644.2642 20.0000 80.0000 25000.0000 50000.0000 0.0089 -0.0037 0.0000
1.5749 1.8285 -541644.2642 20.0000 80.0000 25000.0000 50000.0000 0.0000 0.0000 0.0000
1.6519 2.0408 -541644.2642 20.0000 80.0000 25000.0000 50000.0000 0.0000 0.0000 0.0000
1.7290 2.2531 -541644.2642 20.0000 80.0000 25000.0000 50000.0000 0.0000 0.0000 0.0000
1.8061 2.4654 -541644.2642 20.0000 80.0000 25000.0000 50000.0000 0.0000 0.0000 0.0000
1.8832 2.6776 -541644.2642 20.0000 80.0000 25000.0000 50000.0000 0.0000 0.0000 0.0000
1.9604 2.8899 -541644.2642 20.0000 80.0000 25000.0000 50000.0000 0.0000 0.0000 0.0000
2.0376 3.1021 -541644.2642 20.0000 80.0000 25000.0000 50000.0000 0.0005 -0.0005 0.0000
2.1149 3.3142 -541644.2642 20.0000 80.0000 25000.0000 50000.0000 0.0084 -0.0084 0.0000
2.1923 3.5264 -541644.2642 20.0000 80.0000 25000.0000 50000.0000 0.0183 -0.0183 0.0000
2.2697 3.7385 -541644.2642 20.0000 80.0000 25000.0000 50000.0000 0.0301 -0.0301 0.0000
-0.6590 -4.5709 -590884.6518 20.0000 80.0000 25000.0000 50000.0000 0.0251 0.0251 0.0000
-0.5818 -4.3586 -590884.6518 20.0000 80.0000 25000.0000 50000.0000 0.0196 0.0196 0.0000
-0.5046 -4.1462 -590884.6518 20.0000 80.0000 25000.0000 50000.0000 0.0149 0.0149 0.0000
-0.4275 -3.9338 -590884.6518 20.0000 80.0000 25000.0000 50000.0000 0.0108 0.0108 0.0000
-0.3504 -3.7214 -590884.6518 20.0000 80.0000 25000.0000 50000.0000 0.0076 0.0076 0.0000
-0.2733 -3.5090 -590884.6518 20.0000 80.0000 25000.0000 50000.0000 0.0053 0.0053 0.0000
-0.1963 -3.2966 -590884.6518 20.0000 80.0000 25000.0000 50000.0000 0.0039 0.0039 0.0000
-0.1193 -3.0842 -590884.6518 20.0000 80.0000 25000.0000 50000.0000 0.0035 0.0035 0.0000
-0.0424 -2.8717 -590884.6518 20.0000 80.0000 25000.0000 50000.0000 0.0041 0.0041 0.0000
0.0345 -2.6593 -590884.6518 20.0000 80.0000 25000.0000 50000.0000 0.0056 0.0056 0.0000
0.1114 -2.4468 -590884.6518 20.0000 80.0000 25000.0000 50000.0000 0.0081 0.0081 0.0000
0.1883 -2.2344 -590884.6518 20.0000 80.0000 25000.0000 50000.0000 0.0113 0.0113 0.0000
0.2651 -2.0219 -590884.6518 20.0000 80.0000 25000.0000 50000.0000 0.0205 0.0099 0.0000
0.3420 -1.8094 -590884.6518 20.0000 80.0000 25000.0000 50000.0000 0.0343 0.0049 0.0000
0.4188 -1.5970 -590884.6518 20.0000 80.0000 25000.0000 50000.0000 0.0474 0.0015 0.0000
0.4956 -1.3845 -590884.6518 20.0000 80.0000 25000.0000 50000.0000 0.0592 -0.0005 0.0000
0.5724 -1.1721 -590884.6518 20.0000 80.0000 25000.0000 50000.0000 0.0695 -0.0012 0.0000
0.6491 -0.9596 -590884.6518 20.0000 80.0000 25000.0000 50000.0000 0.0780 -0.0007 0.0000
0.7259 -0.7471 -590884.6518 20.0000 80.0000 25000.0000 50000.0000 0.0843 0.0007 0.0000
0.8027 -0.5347 -590884.6518 20.0000 80.0000 25000.0000 50000.0000 0.0882 0.0028 0.0000
0.8795 -0.3222 -590884.6518 20.0000 80.0000 25000.0000 50000.0000 0.0894 0.0052 0.0000
0.9563 -0.1098 -590884.6518 20.0000 80.0000 25000.0000 50000.0000 0.0878 0.0076 0.0000
1.0331 0.1026 -590884.6518 20.0000 80.0000 25000.0000 50000.0000 0.0833 0.0096 0.0000
1.1099 0.3151 -590884.6518 20.0000 80.0000 25000.0000 50000.0000 0.0759 0.0107 0.0000
1.1867 0.5275 -590884.6518 20.0000 80.0000 25000.0000 50000.0000 0.0656 0.0106 0.0000
1.2636 0.7399 -590884.6518 20.0000 80.0000 25000.0000 50000.0000 0.0526 0.0089 0.0000
1.3404 0.9522 -590884.6518 20.0000 80.0000 25000.0000 50000.0000 0.0372 0.0053 0.0000
1.4173 1.1646 -590884.6518 20.0000 80.0000 25000.0000 50000.0000 0.0196 -0.0007 0.0000
1.4942 1.3770 -590884.6518 20.0000 80.0000 25000.0000 50000.0000 0.0047 -0.0047 0.0000
1.5712 1.5893 -590884.6518 20.0000 80.0000 25000.0000 50000.0000 0.0000 0.0000 0.0000
1.6482 1.8016 -590884.6518 20.0000 80.0000 25000.0000 50000.0000 0.0000 0.0000 0.0000
1.7252 2.0139 -590884.6518 20.0000 80.0000 25000.0000 50000.0000 0.0000 0.0000 0.0000
1.8023 2.2262 -590884.6518 20.0000 80.0000 25000.0000 50000.0000 0.0000 0.0000 0.0000
1.8794 2.4385 -590884.6518 20.0000 80.0000 25000.0000 50000.0000 0.0000 0.0000 0.0000
1.9565 2.6507 -590884.6518 20.0000 80.0000 25000.0000 50000.0000 0.0000 0.0000 0.0000
2.0337 2.8629 -590884.6518 20.0000 80.0000 25000.0000 50000.0000 0.0000 0.0000 0.0000
2.1109 3.0751 -590884.6518 20.0000 80.0000 25000.0000 50000.0000 0.0050 -0.0050 0.0000
2.1882 3.2872 -590884.6518 20.0000 80.0000 25000.0000 50000.0000 0.0124 -0.0124 0.0000
2.2656 3.4994 -590884.6518 20.0000 80.0000 25000.0000 50000.0000 0.0214 -0.0214 0.0000
2.3430 3.7115 -590884.6518 20.0000 80.0000 25000.0000 50000.0000 0.0317 -0.0317 0.0000
-0.5856 -4.5979 -640125.0395 20.0000 80.0000 25000.0000 50000.0000 0.0259 0.0259 0.0000
-0.5083 -4.3855 -640125.0395 20.0000 80.0000 25000.0000 50000.0000 0.0208 0.0208 0.0000
-0.4312 -4.1731 -640125.0395 20.0000 80.0000 25000.0000 50000.0000 0.0161 0.0161 0.0000
-0.3540 -3.9607 -640125.0395 20.0000 80.0000 25000.0000 50000.0000 0.0120 0.0120 0.0000
-0.2769 -3.7483 -640125.0395 20.0000 80.0000 25000.0000 50000.0000 0.0085 0.0085 0.0000
-0.1999 -3.5359 -640125.0395 20.0000 80.0000 25000.0000 50000.0000 0.0057 0.0057 0.0000
-0.1229 -3.3235 -640125.0395 20.0000 80.0000 25000.0000 50000.0000 0.0036 0.0036 0.0000
-0.0459 -3.1110 -640125.0395 20.0000 80.0000 25000.0000 50000.0000 0.0023 0.0023 0.0000
0.0310 -2.8986 -640125.0395 20.0000 80.0000 25000.0000 50000.0000 0.0017 0.0017 0.0000
0.1079 -2.6861 -640125.0395 20.0000 80.0000 25000.0000 50000.0000 0.0019 0.0019 0.0000
0.1848 -2.4737 -640125.0395 20.0000 80.0000 25000.0000 50000.0000 0.0027 0.0027 0.0000
0.2616 -2.2612 -640125.0395 20.0000 80.0000 25000.0000 50000.0000 0.0042 0.0042 0.0000
0.3385 -2.0488 -640125.0395 20.0000 80.0000 25000.0000 50000.0000 0.0062 0.0062 0.0000
0.4153 -1.8363 -640125.0395 20.0000 80.0000 25000.0000 50000.0000 0.0086 0.0086 0.0000
0.4921 -1.6238 -640125.0395 20.0000 80.0000 25000.0000 50000.0000 0.0112 0.0112 0.0000
0.5689 -1.4114 -640125.0395 20.0000 80.0000 25000.0000 50000.0000 0.0180 0.0098 0.0000
0.6457 -1.1989 -640125.0395 20.0000 80.0000 25000.0000 50000.0000 0.0256 0.0075 0.0000
0.7224 -0.9864 -640125.0395 20.0000 80.0000 25000.0000 50000.0000 0.0318 0.0060 0.0000
0.7992 -0.7740 -640125.0395 20.0000 80.0000 25000.0000 50000.0000 0.0363 0.0052 0.0000
0.8760 -0.5615 -640125.0395 20.0000 80.0000 25000.0000 50000.0000 0.0390 0.0049 0.0000
0.9528 -0.3491 -640125.0395 20.0000 80.0000 25000.0000 50000.0000 0.0397 0.0047 0.0000
1.0296 -0.1366 -640125.0395 20.0000 80.0000 25000.0000 50000.0000 0.0382 0.0045 0.0000
1.1064 0.0758 -640125.0395 20.0000 80.0000 25000.0000 50000.0000 0.0345 0.0039 0.0000
1.1832 0.2882 -640125.0395 20.0000 80.0000 25000.0000 50000.0000 0.0287 0.0026 0.0000
1.2600 0.5006 -640125.0395 20.0000 80.0000 25000.0000 50000.0000 0.0208 0.0004 0.0000
1.3368 0.7130 -640125.0395 20.0000 80.0000 25000.0000 50000.0000 0.0109 -0.0031 0.0000
1.4137 0.9254 -640125.0395 20.0000 80.0000 25000.0000 50000.0000 0.0036 -0.0036 0.0000
1.4906 1.1377 -640125.0395 20.0000 80.0000 25000.0000 50000.0000 0.0004 -0.0004 0.0000
1.5675 1.3501 -640125.0395 20.0000 80.0000 25000.0000 50000.0000 0.0000 0.0000 0.0000
1.6445 1.5624 -640125.0395 20.0000 80.0000 25000.0000 50000.0000 0.0000 0.0000 0.0000
1.7215 1.7747 -640125.0395 20.0000 80.0000 25000.0000 50000.0000 0.0000 0.0000 0.0000
1.7985 1.9870 -640125.0395 20.0000 80.0000 25000.0000 50000.0000 0.0000 0.0000 0.0000
1.8755 2.1993 -640125.0395 20.0000 80.0000 25000.0000 50000.0000 0.0000 0.0000 0.0000
1.9526 2.4115 -640125.0395 20.0000 80.0000 25000.0000 50000.0000 0.0000 0.0000 0.0000
2.0298 2.6237 -640125.0395 20.0000 80.0000 25000.0000 50000.0000 0.0000 0.0000 0.0000
2.1070 2.8359 -640125.0395 20.0000 80.0000 25000.0000 50000.0000 0.0024 -0.0024 0.0000
2.1842 3.0481 -640125.0395 20.0000 80.0000 25000.0000 50000.0000 0.0080 -0.0080 0.0000
2.2615 3.2603 -640125.0395 20.0000 80.0000 25000.0000 50000.0000 0.0149 -0.0149 0.0000
2.3389 3.4724 -640125.0395 20.0000 80.0000 25000.0000 50000.0000 0.0230 -0.0230 0.0000
2.4163 3.6845 -640125.0395 20.0000 80.0000 25000.0000 50000.0000 0.0320 -0.0320 0.0000
-0.5121 -4.6248 -689365.4271 20.0000 80.0000 25000.0000 50000.0000 0.0260 0.0260 0.0000
-0.4348 -4.4124 -689365.4271 20.0000 80.0000 25000.0000 50000.0000 0.0212 0.0212 0.0000
-0.3577 -4.2000 -689365.4271 20.0000 80.0000 25000.0000 50000.0000 0.0167 0.0167 0.0000
-0.2806 -3.9876 -689365.4271 20.0000 80.0000 25000.0000 50000.0000 0.0125 0.0125 0.0000
-0.2035 -3.7752 -689365.4271 20.0000 80.0000 25000.0000 50000.0000 0.0089 0.0089 0.0000
-0.1265 -3.5628 -689365.4271 20.0000 80.0000 25000.0000 50000.0000 0.0057 0.0057 0.0000
-0.0495 -3.3503 -689365.4271 20.0000 80.0000 25000.0000 50000.0000 0.0031 0.0031 0.0000
0.0275 -3.1379 -689365.4271 20.0000 80.0000 25000.0000 50000.0000 0.0011 0.0011 0.0000
0.1044 -2.9254 -689365.4271 20.0000 80.0000 25000.0000 50000.0000 0.0000 0.0000 0.0000
0.1813 -2.7130 -689365.4271 20.0000 80.0000 25000.0000 50000.0000 0.0000 0.0000 0.0000
0.2581 -2.5005 -689365.4271 20.0000 80.0000 25000.0000 50000.0000 0.0000 0.0000 0.0000
0.3350 -2.2881 -689365.4271 20.0000 80.0000 25000.0000 50000.0000 0.0000 0.0000 0.0000
0.4118 -2.0756 -689365.4271 20.0000 80.0000 25000.0000 50000.0000 0.0000 0.0000 0.0000
0.4886 -1.8631 -689365.4271 20.0000 80.0000 25000.0000 50000.0000 0.0000 0.0000 0.0000
0.5654 -1.6507 -689365.4271 20.0000 80.0000 25000.0000 50000.0000 0.0004 0.0004 0.0000
0.6422 -1.4382 -689365.4271 20.0000 80.0000 25000.0000 50000.0000 0.0013 0.0013 0.0000
0.7190 -1.2257 -689365.4271 20.0000 80.0000 25000.0000 50000.0000 0.0022 0.0022 0.0000
0.7957 -1.0133 -689365.4271 20.0000 80.0000 25000.0000 50000.0000 0.0029 0.0029 0.0000
0.8725 -0.8008 -689365.4271 20.0000 80.0000 25000.0000 50000.0000 0.0032 0.0032 0.0000
0.9493 -0.5884 -689365.4271 20.0000 80.0000 25000.0000 50000.0000 0.0029 0.0029 0.0000
1.0261 -0.3759 -689365.4271 20.0000 80.0000 25000.0000 50000.0000 0.0019 0.0019 0.0000
1.1028 -0.1635 -689365.4271 20.0000 80.0000 25000.0000 50000.0000 0.0002 0.0002 0.0000
1.1796 0.0489 -689365.4271 20.0000 80.0000 25000.0000 50000.0000 0.0000 0.0000 0.0000
1.2564 0.2613 -689365.4271 20.0000 80.0000 25000.0000 50000.0000 0.0000 0.0000 0.0000
1.3333 0.4737 -689365.4271 20.0000 80.0000 25000.0000 50000.0000 0.0000 0.0000 0.0000
1.4101 0.6861 -689365.4271 20.0000 80.0000 25000.0000 50000.0000 0.0000 0.0000 0.0000
1.4870 0.8985 -689365.4271 20.0000 80.0000 25000.0000 50000.0000 0.0000 0.0000 0.0000
1.5639 1.1108 -689365.4271 20.0000 80.0000 25000.0000 50000.0000 0.0000 0.0000 0.0000
1.6408 1.3232 -689365.4271 20.0000 80.0000 25000.0000 50000.0000 0.0000 0.0000 0.0000
1.7177 1.5355 -689365.4271 20.0000 80.0000 25000.0000 50000.0000 0.0000 0.0000 0.0000
1.7947 1.7478 -689365.4271 20.0000 80.0000 25000.0000 50000.0000 0.0000 0.0000 0.0000
1.8717 1.9601 -689365.4271 20.0000 80.0000 25000.0000 50000.0000 0.0000 0.0000 0.0000
1.9488 2.1723 -689365.4271 20.0000 80.0000 25000.0000 50000.0000 0.0000 0.0000 0.0000
2.0259 2.3846 -689365.4271 20.0000 80.0000 25000.0000 50000.0000 0.0000 0.0000 0.0000
2.1031 2.5968 -689365.4271 20.0000 80.0000 25000.0000 50000.0000 0.0000 0.0000 0.0000
2.1803 2.8090 -689365.4271 20.0000 80.0000 25000.0000 50000.0000 0.0044 -0.0044 0.0000
2.2575 3.0211 -689365.4271 20.0000 80.0000 25000.0000 50000.0000 0.0098 -0.0098 0.0000
2.3348 3.2333 -689365.4271 20.0000 80.0000 25000.0000 50000.0000 0.0162 -0.0162 0.0000
2.4122 3.4454 -689365.4271 20.0000 80.0000 25000.0000 50000.0000 0.0235 -0.0235 0.0000
2.4896 3.6574 -689365.4271 20.0000 80.0000 25000.0000 50000.0000 0.0314 -0.0314 0.0000
-0.4385 -4.6517 -738605.8148 20.0000 80.0000 25000.0000 50000.0000 0.0254 0.0254 0.0000
-0.3614 -4.4393 -738605.8148 20.0000 80.0000 25000.0000 50000.0000 0.0209 0.0209 0.0000
-0.2842 -4.2269 -738605.8148 20.0000 80.0000 25000.0000 50000.0000 0.0165 0.0165 0.0000
-0.2071 -4.0145 -738605.8148 20.0000 80.0000 25000.0000 50000.0000 0.0124 0.0124 0.0000
-0.1301 -3.8021 -738605.8148 20.0000 80.0000 25000.0000 50000.0000 0.0087 0.0087 0.0000
-0.0531 -3.5896 -738605.8148 20.0000 80.0000 25000.0000 50000.0000 0.0053 0.0053 0.0000
0.0239 -3.3772 -738605.8148 20.0000 80.0000 25000.0000 50000.0000 0.0023 0.0023 0.0000
0.1009 -3.1647 -738605.8148 20.0000 80.0000 25000.0000 50000.0000 0.0000 0.0000 0.0000
0.1778 -2.9523 -738605.8148 20.0000 80.0000 25000.0000 50000.0000 0.0000 0.0000 0.0000
0.2546 -2.7398 -738605.8148 20.0000 80.0000 25000.0000 50000.0000 0.0000 0.0000 0.0000
0.3315 -2.5274 -738605.8148 20.0000 80.0000 25000.0000 50000.0000 0.0000 0.0000 0.0000
0.4083 -2.3149 -738605.8148 20.0000 80.0000 25000.0000 50000.0000 0.0000 0.0000 0.0000
0.4852 -2.1024 -738605.8148 20.0000 80.0000 25000.0000 50000.0000 0.0000 0.0000 0.0000
0.5620 -1.8900 -738605.8148 20.0000 80.0000 25000.0000 50000.0000 0.0000 0.0000 0.0000
0.6387 -1.6775 -738605.8148 20.0000 80.0000 25000.0000 50000.0000 0.0000 0.0000 0.0000
0.7155 -1.4650 -738605.8148 20.0000 80.0000 25000.0000 50000.0000 0.0000 0.0000 0.0000
0.7923 -1.2526 -738605.8148 20.0000 80.0000 25000.0000 50000.0000 0.0000 0.0000 0.0000
0.8690 -1.0401 -738605.8148 20.0000 80.0000 25000.0000 50000.0000 0.0000 0.0000 0.0000
0.9458 -0.8277 -738605.8148 20.0000 80.0000 25000.0000 50000.0000 0.0000 0.0000 0.0000
1.0226 -0.6152 -738605.8148 20.0000 80.0000 25000.0000 50000.0000 0.0000 0.0000 0.0000
1.0993 -0.4028 -738605.8148 20.0000 80.0000 25000.0000 50000.0000 0.0000 0.0000 0.0000
1.1761 -0.1903 -738605.8148 20.0000 80.0000 25000.0000 50000.0000 0.0000 0.0000 0.0000
1.2529 0.0221 -738605.8148 20.0000 80.0000 25000.0000 50000.0000 0.0000 0.0000 0.0000
1.3297 0.2345 -738605.8148 20.0000 80.0000 25000.0000 50000.0000 0.0000 0.0000 0.0000
1.4065 0.4469 -738605.8148 20.0000 80.0000 25000.0000 50000.0000 0.0000 0.0000 0.0000
1.4834 0.6593 -738605.8148 20.0000 80.0000 25000.0000 50000.0000 0.0000 0.0000 0.0000
1.5602 0.8716 -738605.8148 20.0000 80.0000 25000.0000 50000.0000 0.0000 0.0000 0.0000
1.6371 1.0840 -738605.8148 20.0000 80.0000 25000.0000 50000.0000 0.0000 0.0000 0.0000
1.7141 1.2963 -738605.8148 20.0000 80.0000 25000.0000 50000.0000 0.0000 0.0000 0.0000
1.7910 1.5086 -738605.8148 20.0000 80.0000 25000.0000 50000.0000 0.0000 0.0000 0.0000
1.8680 1.7209 -738605.8148 20.0000 80.0000 25000.0000 50000.0000 0.0000 0.0000 0.0000
1.9450 1.9332 -738605.8148 20.0000 80.0000 25000.0000 50000.0000 0.0000 0.0000 0.0000
2.0221 2.1454 -738605.8148 20.0000 80.0000 25000.0000 50000.0000 0.0000 0.0000 0.0000
2.0992 2.3576 -738605.8148 20.0000 80.0000 25000.0000 50000.0000 0.0000 0.0000 0.0000
2.1763 2.5698 -738605.8148 20.0000 80.0000 25000.0000 50000.0000 0.0008 -0.0008 0.0000
2.2536 2.7820 -738605.8148 20.0000 80.0000 25000.0000 50000.0000 0.0054 -0.0054 0.0000
2.3308 2.9941 -738605.8148 20.0000 80.0000 25000.0000 50000.0000 0.0106 -0.0106 0.0000
2.4081 3.2063 -738605.8148 20.0000 80.0000 25000.0000 50000.0000 0.0166 -0.0166 0.0000
2.4855 3.4183 -738605.8148 20.0000 80.0000 25000.0000 50000.0000 0.0231 -0.0231 0.0000
2.5629 3.6304 -738605.8148 20.0000 80.0000 25000.0000 50000.0000 0.0302 -0.0302 0.0000
-0.3650 -4.6786 -787846.2024 20.0000 80.0000 25000.0000 50000.0000 0.0242 0.0242 0.0000
-0.2879 -4.4662 -787846.2024 20.0000 80.0000 25000.0000 50000.0000 0.0199 0.0199 0.0000
-0.2107 -4.2538 -787846.2024 20.0000 80.0000 25000.0000 50000.0000 0.0157 0.0157 0.0000
-0.1337 -4.0414 -787846.2024 20.0000 80.0000 25000.0000 50000.0000 0.0117 0.0117 0.0000
-0.0566 -3.8289 -787846.2024 20.0000 80.0000 25000.0000 50000.0000 0.0079 0.0079 0.0000
0.0204 -3.6165 -787846.2024 20.0000 80.0000 25000.0000 50000.0000 0.0044 0.0044 0.0000
0.0973 -3.4041 -787846.2024 20.0000 80.0000 25000.0000 50000.0000 0.0012 0.0012 0.0000
0.1743 -3.1916 -787846.2024 20.0000 80.0000 25000.0000 50000.0000 0.0000 0.0000 0.0000
0.2512 -2.9791 -787846.2024 20.0000 80.0000 25000.0000 50000.0000 0.0000 0.0000 0.0000
0.3280 -2.7667 -787846.2024 20.0000 80.0000 25000.0000 50000.0000 0.0000 0.0000 0.0000
0.4049 -2.5542 -787846.2024 20.0000 80.0000 25000.0000 50000.0000 0.0000 0.0000 0.0000
0.4817 -2.3417 -787846.2024 20.0000 80.0000 25000.0000 50000.0000 0.0000 0.0000 0.0000
0.5585 -2.1293 -787846.2024 20.0000 80.0000 25000.0000 50000.0000 0.0000 0.0000 0.0000
0.6353 -1.9168 -787846.2024 20.0000 80.0000 25000.0000 50000.0000 0.0000 0.0000 0.0000
0.7121 -1.7043 -787846.2024 20.0000 80.0000 25000.0000 50000.0000 0.0000 0.0000 0.0000
0.7888 -1.4919 -787846.2024 20.0000 80.0000 25000.0000 50000.0000 0.0000 0.0000 0.0000
0.8656 -1.2794 -787846.2024 20.0000 80.0000 25000.0000 50000.0000 0.0000 0.0000 0.0000
0.9424 -1.0669 -787846.2024 20.0000 80.0000 25000.0000 50000.0000 0.0000 0.0000 0.0000
1.0191 -0.8545 -787846.2024 20.0000 80.0000 25000.0000 50000.0000 0.0000 0.0000 0.0000
1.0959 -0.6420 -787846.2024 20.0000 80.0000 25000.0000 50000.0000 0.0000 0.0000 0.0000
1.1726 -0.4296 -787846.2024 20.0000 80.0000 25000.0000 50000.0000 0.0000 0.0000 0.0000
1.2494 -0.2172 -787846.2024 20.0000 80.0000 25000.0000 50000.0000 0.0000 0.0000 0.0000
1.3262 -0.0048 -787846.2024 20.0000 80.0000 25000.0000 50000.0000 0.0000 0.0000 0.0000
1.4030 0.2076 -787846.2024 20.0000 80.0000 25000.0000 50000.0000 0.0000 0.0000 0.0000
1.4798 0.4200 -787846.2024 20.0000 80.0000 25000.0000 50000.0000 0.0000 0.0000 0.0000
1.5566 0.6324 -787846.2024 20.0000 80.0000 25000.0000 50000.0000 0.0000 0.0000 0.0000
1.6335 0.8447 -787846.2024 20.0000 80.0000 25000.0000 50000.0000 0.0000 0.0000 0.0000
1.7104 1.0571 -787846.2024 20.0000 80.0000 25000.0000 50000.0000 0.0000 0.0000 0.0000
1.7873 1.2694 -787846.2024 20.0000 80.0000 25000.0000 50000.0000 0.0000 0.0000 0.0000
1.8643 1.4817 -787846.2024 20.0000 80.0000 25000.0000 50000.0000 0.0000 0.0000 0.0000
1.9413 1.6940 -787846.2024 20.0000 80.0000 25000.0000 50000.0000 0.0000 0.0000 0.0000
2.0183 1.9062 -787846.2024 20.0000 80.0000 25000.0000 50000.0000 0.0000 0.0000 0.0000
2.0953 2.1185 -787846.2024 20.0000 80.0000 25000.0000 50000.0000 0.0000 0.0000 0.0000
2.1725 2.3307 -787846.2024 20.0000 80.0000 25000.0000 50000.0000 0.0000 0.0000 0.0000
2.2496 2.5429 -787846.2024 20.0000 80.0000 25000.0000 50000.0000 0.0011 -0.0011 0.0000
2.3268 2.7550 -787846.2024 20.0000 80.0000 25000.0000 50000.0000 0.0056 -0.0056 0.0000
2.4041 2.9672 -787846.2024 20.0000 80.0000 25000.0000 50000.0000 0.0106 -0.0106 0.0000
2.4814 3.1793 -787846.2024 20.0000 80.0000 25000.0000 50000.0000 0.0162 -0.0162 0.0000
2.5588 3.3913 -787846.2024 20.0000 80.0000 25000.0000 50000.0000 0.0221 -0.0221 0.0000
2.6362 3.6034 -787846.2024 20.0000 80.0000 25000.0000 50000.0000 0.0284 -0.0284 0.0000
-0.2915 -4.7055 -837086.5901 20.0000 80.0000 25000.0000 50000.0000 0.0224 0.0224 0.0000
-0.2144 -4.4931 -837086.5901 20.0000 80.0000 25000.0000 50000.0000 0.0183 0.0183 0.0000
-0.1373 -4.2807 -837086.5901 20.0000 80.0000 25000.0000 50000.0000 0.0144 0.0144 0.0000
-0.0602 -4.0682 -837086.5901 20.0000 80.0000 25000.0000 50000.0000 0.0105 0.0105 0.0000
0.0168 -3.8558 -837086.5901 20.0000 80.0000 25000.0000 50000.0000 0.0068 0.0068 0.0000
0.0938 -3.6434 -837086.5901 20.0000 80.0000 25000.0000 50000.0000 0.0032 0.0032 0.0000
0.1708 -3.4309 -837086.5901 20.0000 80.0000 25000.0000 50000.0000 0.0000 0.0000 0.0000
0.2477 -3.2184 -837086.5901 20.0000 80.0000 25000.0000 50000.0000 0.0000 0.0000 0.0000
0.3246 -3.0060 -837086.5901 20.0000 80.0000 25000.0000 50000.0000 0.0000 0.0000 0.0000
0.4014 -2.7935 -837086.5901 20.0000 80.0000 25000.0000 50000.0000 0.0000 0.0000 0.0000
0.4782 -2.5810 -837086.5901 20.0000 80.0000 25000.0000 50000.0000 0.0000 0.0000 0.0000
0.5551 -2.3686 -837086.5901 20.0000 80.0000 25000.0000 50000.0000 0.0000 0.0000 0.0000
0.6318 -2.1561 -837086.5901 20.0000 80.0000 25000.0000 50000.0000 0.0000 0.0000 0.0000
0.7086 -1.9436 -837086.5901 20.0000 80.0000 25000.0000 50000.0000 0.0000 0.0000 0.0000
0.7854 -1.7312 -837086.5901 20.0000 80.0000 25000.0000 50000.0000 0.0000 0.0000 0.0000
0.8622 -1.5187 -837086.5901 20.0000 80.0000 25000.0000 50000.0000 0.0000 0.0000 0.0000
0.9389 -1.3062 -837086.5901 20.0000 80.0000 25000.0000 50000.0000 0.0000 0.0000 0.0000
1.0157 -1.0938 -837086.5901 20.0000 80.0000 25000.0000 50000.0000 0.0000 0.0000 0.0000
1.0924 -0.8813 -837086.5901 20.0000 80.0000 25000.0000 50000.0000 0.0000 0.0000 0.0000
1.1692 -0.6689 -837086.5901 20.0000 80.0000 25000.0000 50000.0000 0.0000 0.0000 0.0000
1.2459 -0.4565 -837086.5901 20.0000 80.0000 25000.0000 50000.0000 0.0000 0.0000 0.0000
1.3227 -0.2440 -837086.5901 20.0000 80.0000 25000.0000 50000.0000 0.0000 0.0000 0.0000
1.3995 -0.0316 -837086.5901 20.0000 80.0000 25000.0000 50000.0000 0.0000 0.0000 0.0000
1.4763 0.1808 -837086.5901 20.0000 80.0000 25000.0000 50000.0000 0.0000 0.0000 0.0000
1.5531 0.3932 -837086.5901 20.0000 80.0000 25000.0000 50000.0000 0.0000 0.0000 0.0000
1.6299 0.6055 -837086.5901 20.0000 80.0000 25000.0000 50000.0000 0.0000 0.0000 0.0000
1.7068 0.8179 -837086.5901 20.0000 80.0000 25000.0000 50000.0000 0.0000 0.0000 0.0000
1.7837 1.0302 -837086.5901 20.0000 80.0000 25000.0000 50000.0000 0.0000 0.0000 0.0000
1.8606 1.2425 -837086.5901 20.0000 80.0000 25000.0000 50000.0000 0.0000 0.0000 0.0000
1.9375 1.4548 -837086.5901 20.0000 80.0000 25000.0000 50000.0000 0.0000 0.0000 0.0000
2.0145 1.6671 -837086.5901 20.0000 80.0000 25000.0000 50000.0000 0.0000 0.0000 0.0000
2.0915 1.8793 -837086.5901 20.0000 80.0000 25000.0000 50000.0000 0.0000 0.0000 0.0000
2.1686 2.0915 -837086.5901 20.0000 80.0000 25000.0000 50000.0000 0.0000 0.0000 0.0000
2.2457 2.3037 -837086.5901 20.0000 80.0000 25000.0000 50000.0000 0.0000 0.0000 0.0000
2.3229 2.5159 -837086.5901 20.0000 80.0000 25000.0000 50000.0000 0.0009 -0.0009 0.0000
2.4001 2.7281 -837086.5901 20.0000 80.0000 25000.0000 50000.0000 0.0053 -0.0053 0.0000
2.4774 2.9402 -837086.5901 20.0000 80.0000 25000.0000 50000.0000 0.0101 -0.0101 0.0000
2.5547 3.1523 -837086.5901 20.0000 80.0000 25000.0000 50000.0000 0.0152 -0.0152 0.0000
2.6321 3.3643 -837086.5901 20.0000 80.0000 25000.0000 50000.0000 0.0206 -0.0206 0.0000
2.7095 3.5763 -837086.5901 20.0000 80.0000 25000.0000 50000.0000 0.0263 -0.0263 0.0000
-0.2180 -4.7324 -886326.9777 20.0000 80.0000 25000.0000 50000.0000 0.0202 0.0202 0.0000
-0.1409 -4.5200 -886326.9777 20.0000 80.0000 25000.0000 50000.0000 0.0164 0.0164 0.0000
-0.0638 -4.3075 -886326.9777 20.0000 80.0000 25000.0000 50000.0000 0.0127 0.0127 0.0000
0.0133 -4.0951 -886326.9777 20.0000 80.0000 25000.0000 50000.0000 0.0090 0.0090 0.0000
0.0903 -3.8827 -886326.9777 20.0000 80.0000 25000.0000 50000.0000 0.0053 0.0053 0.0000
0.1673 -3.6702 -886326.9777 20.0000 80.0000 25000.0000 50000.0000 0.0018 0.0018 0.0000
0.2442 -3.4578 -886326.9777 20.0000 80.0000 25000.0000 50000.0000 0.0000 0.0000 0.0000
0.3211 -3.2453 -886326.9777 20.0000 80.0000 25000.0000 50000.0000 0.0000 0.0000 0.0000
0.3980 -3.0328 -886326.9777 20.0000 80.0000 25000.0000 50000.0000 0.0000 0.0000 0.0000
0.4748 -2.8203 -886326.9777 20.0000 80.0000 25000.0000 50000.0000 0.0000 0.0000 0.0000
0.5516 -2.6079 -886326.9777 20.0000 80.0000 25000.0000 50000.0000 0.0000 0.0000 0.0000
0.6284 -2.3954 -886326.9777 20.0000 80.0000 25000.0000 50000.0000 0.0000 0.0000 0.0000
0.7052 -2.1829 -886326.9777 20.0000 80.0000 25000.0000 50000.0000 0.0000 0.0000 0.0000
0.7820 -1.9705 -886326.9777 20.0000 80.0000 25000.0000 50000.0000 0.0000 0.0000 0.0000
0.8587 -1.7580 -886326.9777 20.0000 80.0000 25000.0000 50000.0000 0.0000 0.0000 0.0000
0.9355 -1.5455 -886326.9777 20.0000 80.0000 25000.0000 50000.0000 0.0000 0.0000 0.0000
1.0122 -1.3331 -886326.9777 20.0000 80.0000 25000.0000 50000.0000 0.0000 0.0000 0.0000
1.0890 -1.1206 -886326.9777 20.0000 80.0000 25000.0000 50000.0000 0.0000 0.0000 0.0000
1.1657 -0.9082 -886326.9777 20.0000 80.0000 25000.0000 50000.0000 0.0000 0.0000 0.0000
1.2424 -0.6957 -886326.9777 20.0000 80.0000 25000.0000 50000.0000 0.0000 0.0000 0.0000
1.3192 -0.4833 -886326.9777 20.0000 80.0000 25000.0000 50000.0000 0.0000 0.0000 0.0000
1.3960 -0.2709 -886326.9777 20.0000 80.0000 25000.0000 50000.0000 0.0000 0.0000 0.0000
1.4727 -0.0585 -886326.9777 20.0000 80.0000 25000.0000 50000.0000 0.0000 0.0000 0.0000
1.5495 0.1539 -886326.9777 20.0000 80.0000 25000.0000 50000.0000 0.0000 0.0000 0.0000
1.6263 0.3663 -886326.9777 20.0000 80.0000 25000.0000 50000.0000 0.0000 0.0000 0.0000
1.7032 0.5787 -886326.9777 20.0000 80.0000 25000.0000 50000.0000 0.0000 0.0000 0.0000
1.7800 0.7910 -886326.9777 20.0000 80.0000 25000.0000 50000.0000 0.0000 0.0000 0.0000
1.8569 1.0033 -886326.9777 20.0000 80.0000 25000.0000 50000.0000 0.0000 0.0000 0.0000
1.9338 1.2156 -886326.9777 20.0000 80.0000 25000.0000 50000.0000 0.0000 0.0000 0.0000
2.0108 1.4279 -886326.9777 20.0000 80.0000 25000.0000 50000.0000 0.0000 0.0000 0.0000
2.0878 1.6402 -886326.9777 20.0000 80.0000 25000.0000 50000.0000 0.0000 0.0000 0.0000
2.1648 1.8524 -886326.9777 20.0000 80.0000 25000.0000 50000.0000 0.0000 0.0000 0.0000
2.2419 2.0646 -886326.9777 20.0000 80.0000 25000.0000 50000.0000 0.0000 0.0000 0.0000
2.3190 2.2768 -886326.9777 20.0000 80.0000 25000.0000 50000.0000 0.0000 0.0000 0.0000
2.3961 2.4890 -886326.9777 20.0000 80.0000 25000.0000 50000.0000 0.0003 -0.0003 0.0000
2.4734 2.7011 -886326.9777 20.0000 80.0000 25000.0000 50000.0000 0.0046 -0.0046 0.0000
2.5506 2.9132 -886326.9777 20.0000 80.0000 25000.0000 50000.0000 0.0091 -0.0091 0.0000
2.6279 3.1253 -886326.9777 20.0000 80.0000 25000.0000 50000.0000 0.0139 -0.0139 0.0000
2.7053 3.3373 -886326.9777 20.0000 80.0000 25000.0000 50000.0000 0.0189 -0.0189 0.0000
2.7828 3.5493 -886326.9777 20.0000 80.0000 25000.0000 50000.0000 0.0240 -0.0240 0.0000
-0.1445 -4.7593 -935567.3654 20.0000 80.0000 25000.0000 50000.0000 0.0177 0.0177 0.0000
-0.0673 -4.5468 -935567.3654 20.0000 80.0000 25000.0000 50000.0000 0.0142 0.0142 0.0000
0.0097 -4.3344 -935567.3654 20.0000 80.0000 25000.0000 50000.0000 0.0107 0.0107 0.0000
0.0868 -4.1220 -935567.3654 20.0000 80.0000 25000.0000 50000.0000 0.0072 0.0072 0.0000
0.1637 -3.9095 -935567.3654 20.0000 80.0000 25000.0000 50000.0000 0.0037 0.0037 0.0000
0.2407 -3.6971 -935567.3654 20.0000 80.0000 25000.0000 50000.0000 0.0003 0.0003 0.0000
0.3176 -3.4846 -935567.3654 20.0000 80.0000 25000.0000 50000.0000 0.0000 0.0000 0.0000
0.3945 -3.2721 -935567.3654 20.0000 80.0000 25000.0000 50000.0000 0.0000 0.0000 0.0000
0.4714 -3.0596 -935567.3654 20.0000 80.0000 25000.0000 50000.0000 0.0000 0.0000 0.0000
0.5482 -2.8472 -935567.3654 20.0000 80.0000 25000.0000 50000.0000 0.0000 0.0000 0.0000
0.6250 -2.6347 -935567.3654 20.0000 80.0000 25000.0000 50000.0000 0.0000 0.0000 0.0000
0.7018 -2.4222 -935567.3654 20.0000 80.0000 25000.0000 50000.0000 0.0000 0.0000 0.0000
0.7786 -2.2097 -935567.3654 20.0000 80.0000 25000.0000 50000.0000 0.0000 0.0000 0.0000
0.8553 -1.9973 -935567.3654 20.0000 80.0000 25000.0000 50000.0000 0.0000 0.0000 0.0000
0.9321 -1.7848 -935567.3654 20.0000 80.0000 25000.0000 50000.0000 0.0000 0.0000 0.0000
1.0088 -1.5723 -935567.3654 20.0000 80.0000 25000.0000 50000.0000 0.0000 0.0000 0.0000
1.0855 -1.3599 -935567.3654 20.0000 80.0000 25000.0000 50000.0000 0.0000 0.0000 0.0000
1.1623 -1.1474 -935567.3654 20.0000 80.0000 25000.0000 50000.0000 0.0000 0.0000 0.0000
1.2390 -0.9350 -935567.3654 20.0000 80.0000 25000.0000 50000.0000 0.0000 0.0000 0.0000
1.3157 -0.7225 -935567.3654 20.0000 80.0000 25000.0000 50000.0000 0.0000 0.0000 0.0000
1.3925 -0.5101 -935567.3654 20.0000 80.0000 25000.0000 50000.0000 0.0000 0.0000 0.0000
1.4692 -0.2977 -935567.3654 20.0000 80.0000 25000.0000 50000.0000 0.0000 0.0000 0.0000
1.5460 -0.0853 -935567.3654 20.0000 80.0000 25000.0000 50000.0000 0.0000 0.0000 0.0000
1.6228 0.1271 -935567.3654 20.0000 80.0000 25000.0000 50000.0000 0.0000 0.0000 0.0000
1.6996 0.3394 -935567.3654 20.0000 80.0000 25000.0000 50000.0000 0.0000 0.0000 0.0000
1.7764 0.5518 -935567.3654 20.0000 80.0000 25000.0000 50000.0000 0.0000 0.0000 0.0000
1.8533 0.7641 -935567.3654 20.0000 80.0000 25000.0000 50000.0000 0.0000 0.0000 0.0000
1.9302 0.9764 -935567.3654 20.0000 80.0000 25000.0000 50000.0000 0.0000 0.0000 0.0000
2.0071 1.1887 -935567.3654 20.0000 80.0000 25000.0000 50000.0000 0.0000 0.0000 0.0000
2.0840 1.4010 -935567.3654 20.0000 80.0000 25000.0000 50000.0000 0.0000 0.0000 0.0000
2.1610 1.6132 -935567.3654 20.0000 80.0000 25000.0000 50000.0000 0.0000 0.0000 0.0000
2.2380 1.8255 -935567.3654 20.0000 80.0000 25000.0000 50000.0000 0.0000 0.0000 0.0000
2.3151 2.0377 -935567.3654 20.0000 80.0000 25000.0000 50000.0000 0.0000 0.0000 0.0000
2.3922 2.2498 -935567.3654 20.0000 80.0000 25000.0000 50000.0000 0.0000 0.0000 0.0000
2.4694 2.4620 -935567.3654 20.0000 80.0000 25000.0000 50000.0000 0.0000 0.0000 0.0000
2.5466 2.6741 -935567.3654 20.0000 80.0000 25000.0000 50000.0000 0.0036 -0.0036 0.0000
2.6239 2.8862 -935567.3654 20.0000 80.0000 25000.0000 50000.0000 0.0079 -0.0079 0.0000
2.7012 3.0982 -935567.3654 20.0000 80.0000 25000.0000 50000.0000 0.0123 -0.0123 0.0000
2.7786 3.3103 -935567.3654 20.0000 80.0000 25000.0000 50000.0000 0.0169 -0.0169 0.0000
2.8561 3.5223 -935567.3654 20.0000 80.0000 25000.0000 50000.0000 0.0216 -0.0216 0.0000
