# lon[degrees] lat[degrees] depth[m] strike[degrees] dip[degrees] length[m] width[m] left-lateral[m] thrust[m] tensile[m]
-85.3228 42.9931 0.0000 70.0000 45.0000 5000.0000 3000.0000 0.1184 0.1092 0.0000
-85.2655 43.0091 0.0000 70.0000 45.0000 5000.0000 3000.0000 0.1130 0.0632 0.0000
-85.2082 43.0251 0.0000 70.0000 45.0000 5000.0000 3000.0000 0.1120 0.0210 0.0000
-85.1508 43.0410 0.0000 70.0000 45.0000 5000.0000 3000.0000 0.1059 -0.0110 0.0000
-85.0934 43.0569 0.0000 70.0000 45.0000 5000.0000 3000.0000 0.1021 -0.0257 0.0000
-85.0360 43.0728 0.0000 70.0000 45.0000 5000.0000 3000.0000 0.1165 -0.0167 0.0000
-84.9786 43.0887 0.0000 70.0000 45.0000 5000.0000 3000.0000 0.1323 0.0589 0.0000
-84.9211 43.1045 0.0000 70.0000 45.0000 5000.0000 3000.0000 0.1130 0.0588 0.0000
-84.8636 43.1203 0.0000 70.0000 45.0000 5000.0000 3000.0000 0.1110 -0.0323 0.0000
-84.8060 43.1361 0.0000 70.0000 45.0000 5000.0000 3000.0000 0.1371 0.0117 0.0000
-84.7484 43.1518 0.0000 70.0000 45.0000 5000.0000 3000.0000 0.1935 0.0385 0.0000
-84.6908 43.1676 0.0000 70.0000 45.0000 5000.0000 3000.0000 0.2843 -0.0115 0.0000
-84.6332 43.1833 0.0000 70.0000 45.0000 5000.0000 3000.0000 0.1803 -0.0171 0.0000
-84.5755 43.1989 0.0000 70.0000 45.0000 5000.0000 3000.0000 0.0000 0.0000 0.0000
-84.5178 43.2145 0.0000 70.0000 45.0000 5000.0000 3000.0000 0.1198 0.0164 0.0000
-84.4601 43.2302 0.0000 70.0000 45.0000 5000.0000 3000.0000 0.0000 0.0000 0.0000
-84.4024 43.2457 0.0000 70.0000 45.0000 5000.0000 3000.0000 0.1340 0.0147 0.0000
-84.3446 43.2613 0.0000 70.0000 45.0000 5000.0000 3000.0000 0.1873 0.1102 0.0000
-84.2868 43.2768 0.0000 70.0000 45.0000 5000.0000 3000.0000 0.1123 0.0272 0.0000
-84.2289 43.2923 0.0000 70.0000 45.0000 5000.0000 3000.0000 0.0784 0.0150 0.0000
-84.1711 43.3077 0.0000 70.0000 45.0000 5000.0000 3000.0000 0.1045 -0.0149 0.0000
-84.1132 43.3232 0.0000 70.0000 45.0000 5000.0000 3000.0000 0.1392 -0.0037 0.0000
-84.0552 43.3385 0.0000 70.0000 45.0000 5000.0000 3000.0000 0.2337 0.0035 0.0000
-83.9973 43.3539 0.0000 70.0000 45.0000 5000.0000 3000.0000 0.2082 -0.0749 0.0000
-83.9393 43.3693 0.0000 70.0000 45.0000 5000.0000 3000.0000 0.0892 0.0712 0.0000
-83.8813 43.3846 0.0000 70.0000 45.0000 5000.0000 3000.0000 0.2045 0.0318 0.0000
-83.8232 43.3998 0.0000 70.0000 45.0000 5000.0000 3000.0000 0.1717 0.0053 0.0000
-83.7651 43.4151 0.0000 70.0000 45.0000 5000.0000 3000.0000 0.1279 -0.0334 0.0000
-83.7070 43.4303 0.0000 70.0000 45.0000 5000.0000 3000.0000 0.1039 -0.0082 0.0000
-83.6489 43.4455 0.0000 70.0000 45.0000 5000.0000 3000.0000 0.0584 0.0584 0.0000
-83.5907 43.4607 0.0000 70.0000 45.0000 5000.0000 3000.0000 0.0539 0.0515 0.0000
-83.5325 43.4758 0.0000 70.0000 45.0000 5000.0000 3000.0000 0.0967 0.0179 0.0000
-83.4743 43.4909 0.0000 70.0000 45.0000 5000.0000 3000.0000 0.1334 -0.0015 0.0000
-83.4161 43.5060 0.0000 70.0000 45.0000 5000.0000 3000.0000 0.1528 -0.0021 0.0000
-83.3578 43.5210 0.0000 70.0000 45.0000 5000.0000 3000.0000 0.1515 0.0096 0.0000
-83.2995 43.5360 0.0000 70.0000 45.0000 5000.0000 3000.0000 0.1324 0.0171 0.0000
-83.2412 43.5510 0.0000 70.0000 45.0000 5000.0000 3000.0000 0.1115 0.0207 0.0000
-83.1828 43.5660 0.0000 70.0000 45.0000 5000.0000 3000.0000 0.0917 0.0375 0.0000
-83.1244 43.5809 0.0000 70.0000 45.0000 5000.0000 3000.0000 0.0660 0.0660 0.0000
-83.0660 43.5958 0.0000 70.0000 45.0000 5000.0000 3000.0000 0.0300 0.0300 0.0000
-85.3136 42.9752 -2121.3203 70.0000 45.0000 5000.0000 3000.0000 0.1244 0.1057 0.0000
-85.2563 42.9912 -2121.3203 70.0000 45.0000 5000.0000 3000.0000 0.1245 0.0617 0.0000
-85.1990 43.0072 -2121.3203 70.0000 45.0000 5000.0000 3000.0000 0.1264 0.0184 0.0000
-85.1416 43.0232 -2121.3203 70.0000 45.0000 5000.0000 3000.0000 0.1233 -0.0170 0.0000
-85.0842 43.0391 -2121.3203 70.0000 45.0000 5000.0000 3000.0000 0.1308 -0.0337 0.0000
-85.0268 43.0550 -2121.3203 70.0000 45.0000 5000.0000 3000.0000 0.1580 -0.0238 0.0000
-84.9694 43.0708 -2121.3203 70.0000 45.0000 5000.0000 3000.0000 0.1707 0.0369 0.0000
-84.9119 43.0866 -2121.3203 70.0000 45.0000 5000.0000 3000.0000 0.1698 0.0449 0.0000
-84.8544 43.1024 -2121.3203 70.0000 45.0000 5000.0000 3000.0000 0.1247 -0.0136 0.0000
-84.7969 43.1182 -2121.3203 70.0000 45.0000 5000.0000 3000.0000 0.1257 0.0098 0.0000
-84.7393 43.1340 -2121.3203 70.0000 45.0000 5000.0000 3000.0000 0.1746 0.0252 0.0000
-84.6817 43.1497 -2121.3203 70.0000 45.0000 5000.0000 3000.0000 0.1919 0.0228 0.0000
-84.6241 43.1654 -2121.3203 70.0000 45.0000 5000.0000 3000.0000 0.0960 0.0325 0.0000
-84.5665 43.1810 -2121.3203 70.0000 45.0000 5000.0000 3000.0000 0.1591 0.0212 0.0000
-84.5088 43.1966 -2121.3203 70.0000 45.0000 5000.0000 3000.0000 0.1488 0.0077 0.0000
-84.4511 43.2122 -2121.3203 70.0000 45.0000 5000.0000 3000.0000 0.2521 0.0465 0.0000
-84.3933 43.2278 -2121.3203 70.0000 45.0000 5000.0000 3000.0000 0.3357 0.1131 0.0000
-84.3356 43.2433 -2121.3203 70.0000 45.0000 5000.0000 3000.0000 0.3174 0.0530 0.0000
-84.2778 43.2589 -2121.3203 70.0000 45.0000 5000.0000 3000.0000 0.2033 -0.0211 0.0000
-84.2199 43.2743 -2121.3203 70.0000 45.0000 5000.0000 3000.0000 0.1098 0.0021 0.0000
-84.1621 43.2898 -2121.3203 70.0000 45.0000 5000.0000 3000.0000 0.1405 0.0228 0.0000
-84.1042 43.3052 -2121.3203 70.0000 45.0000 5000.0000 3000.0000 0.1346 0.0460 0.0000
-84.0463 43.3206 -2121.3203 70.0000 45.0000 5000.0000 3000.0000 0.2554 0.0415 0.0000
-83.9883 43.3360 -2121.3203 70.0000 45.0000 5000.0000 3000.0000 0.3081 -0.0158 0.0000
-83.9304 43.3513 -2121.3203 70.0000 45.0000 5000.0000 3000.0000 0.3005 0.0114 0.0000
-83.8724 43.3666 -2121.3203 70.0000 45.0000 5000.0000 3000.0000 0.2526 0.0098 0.0000
-83.8143 43.3819 -2121.3203 70.0000 45.0000 5000.0000 3000.0000 0.1898 -0.0188 0.0000
-83.7563 43.3971 -2121.3203 70.0000 45.0000 5000.0000 3000.0000 0.1430 -0.0521 0.0000
-83.6982 43.4123 -2121.3203 70.0000 45.0000 5000.0000 3000.0000 0.1438 -0.0449 0.0000
-83.6401 43.4275 -2121.3203 70.0000 45.0000 5000.0000 3000.0000 0.1559 0.0089 0.0000
-83.5819 43.4427 -2121.3203 70.0000 45.0000 5000.0000 3000.0000 0.1636 0.0343 0.0000
-83.5237 43.4578 -2121.3203 70.0000 45.0000 5000.0000 3000.0000 0.1810 0.0250 0.0000
-83.4655 43.4729 -2121.3203 70.0000 45.0000 5000.0000 3000.0000 0.1966 0.0133 0.0000
-83.4073 43.4880 -2121.3203 70.0000 45.0000 5000.0000 3000.0000 0.1998 0.0128 0.0000
-83.3490 43.5030 -2121.3203 70.0000 45.0000 5000.0000 3000.0000 0.1848 0.0185 0.0000
-83.2908 43.5180 -2121.3203 70.0000 45.0000 5000.0000 3000.0000 0.1545 0.0199 0.0000
-83.2324 43.5330 -2121.3203 70.0000 45.0000 5000.0000 3000.0000 0.1233 0.0208 0.0000
-83.1741 43.5480 -2121.3203 70.0000 45.0000 5000.0000 3000.0000 0.0968 0.0327 0.0000
-83.1157 43.5629 -2121.3203 70.0000 45.0000 5000.0000 3000.0000 0.0599 0.0599 0.0000
-83.0573 43.5778 -2121.3203 70.0000 45.0000 5000.0000 3000.0000 0.0325 0.0325 0.0000
-85.3043 42.9574 -4242.6407 70.0000 45.0000 5000.0000 3000.0000 0.1321 0.1001 0.0000
-85.2471 42.9734 -4242.6407 70.0000 45.0000 5000.0000 3000.0000 0.1378 0.0590 0.0000
-85.1898 42.9894 -4242.6407 70.0000 45.0000 5000.0000 3000.0000 0.1439 0.0166 0.0000
-85.1324 43.0053 -4242.6407 70.0000 45.0000 5000.0000 3000.0000 0.1453 -0.0215 0.0000
-85.0751 43.0212 -4242.6407 70.0000 45.0000 5000.0000 3000.0000 0.1580 -0.0421 0.0000
-85.0177 43.0371 -4242.6407 70.0000 45.0000 5000.0000 3000.0000 0.1700 -0.0265 0.0000
-84.9602 43.0529 -4242.6407 70.0000 45.0000 5000.0000 3000.0000 0.1690 0.0077 0.0000
-84.9028 43.0688 -4242.6407 70.0000 45.0000 5000.0000 3000.0000 0.1762 0.0228 0.0000
-84.8453 43.0846 -4242.6407 70.0000 45.0000 5000.0000 3000.0000 0.1587 0.0104 0.0000
-84.7878 43.1003 -4242.6407 70.0000 45.0000 5000.0000 3000.0000 0.1628 0.0088 0.0000
-84.7302 43.1161 -4242.6407 70.0000 45.0000 5000.0000 3000.0000 0.1870 0.0096 0.0000
-84.6726 43.1318 -4242.6407 70.0000 45.0000 5000.0000 3000.0000 0.1872 -0.0025 0.0000
-84.6150 43.1475 -4242.6407 70.0000 45.0000 5000.0000 3000.0000 0.1604 -0.0429 0.0000
-84.5574 43.1631 -4242.6407 70.0000 45.0000 5000.0000 3000.0000 0.2702 0.0375 0.0000
-84.4997 43.1787 -4242.6407 70.0000 45.0000 5000.0000 3000.0000 0.2040 0.1040 0.0000
-84.4420 43.1943 -4242.6407 70.0000 45.0000 5000.0000 3000.0000 0.3272 0.0690 0.0000
-84.3843 43.2099 -4242.6407 70.0000 45.0000 5000.0000 3000.0000 0.4272 0.0785 0.0000
-84.3266 43.2254 -4242.6407 70.0000 45.0000 5000.0000 3000.0000 0.4466 0.0193 0.0000
-84.2688 43.2409 -4242.6407 70.0000 45.0000 5000.0000 3000.0000 0.3022 -0.0511 0.0000
-84.2110 43.2564 -4242.6407 70.0000 45.0000 5000.0000 3000.0000 0.1471 -0.0320 0.0000
-84.1531 43.2719 -4242.6407 70.0000 45.0000 5000.0000 3000.0000 0.2042 0.0756 0.0000
-84.0953 43.2873 -4242.6407 70.0000 45.0000 5000.0000 3000.0000 0.2168 0.1227 0.0000
-84.0374 43.3027 -4242.6407 70.0000 45.0000 5000.0000 3000.0000 0.3299 0.0690 0.0000
-83.9794 43.3180 -4242.6407 70.0000 45.0000 5000.0000 3000.0000 0.3839 0.0166 0.0000
-83.9215 43.3333 -4242.6407 70.0000 45.0000 5000.0000 3000.0000 0.3682 -0.0048 0.0000
-83.8635 43.3486 -4242.6407 70.0000 45.0000 5000.0000 3000.0000 0.3073 -0.0210 0.0000
-83.8055 43.3639 -4242.6407 70.0000 45.0000 5000.0000 3000.0000 0.2343 -0.0417 0.0000
-83.7474 43.3792 -4242.6407 70.0000 45.0000 5000.0000 3000.0000 0.1853 -0.0545 0.0000
-83.6893 43.3944 -4242.6407 70.0000 45.0000 5000.0000 3000.0000 0.1877 -0.0390 0.0000
-83.6312 43.4096 -4242.6407 70.0000 45.0000 5000.0000 3000.0000 0.2168 0.0004 0.0000
-83.5731 43.4247 -4242.6407 70.0000 45.0000 5000.0000 3000.0000 0.2380 0.0239 0.0000
-83.5149 43.4398 -4242.6407 70.0000 45.0000 5000.0000 3000.0000 0.2475 0.0224 0.0000
-83.4568 43.4549 -4242.6407 70.0000 45.0000 5000.0000 3000.0000 0.2465 0.0150 0.0000
-83.3985 43.4700 -4242.6407 70.0000 45.0000 5000.0000 3000.0000 0.2346 0.0136 0.0000
-83.3403 43.4850 -4242.6407 70.0000 45.0000 5000.0000 3000.0000 0.2104 0.0152 0.0000
-83.2820 43.5000 -4242.6407 70.0000 45.0000 5000.0000 3000.0000 0.1739 0.0144 0.0000
-83.2237 43.5150 -4242.6407 70.0000 45.0000 5000.0000 3000.0000 0.1364 0.0154 0.0000
-83.1654 43.5299 -4242.6407 70.0000 45.0000 5000.0000 3000.0000 0.1059 0.0237 0.0000
-83.1070 43.5449 -4242.6407 70.0000 45.0000 5000.0000 3000.0000 0.0734 0.0401 0.0000
-83.0486 43.5597 -4242.6407 70.0000 45.0000 5000.0000 3000.0000 0.0416 0.0416 0.0000
-85.2951 42.9396 -6363.9610 70.0000 45.0000 5000.0000 3000.0000 0.1407 0.0935 0.0000
-85.2378 42.9556 -6363.9610 70.0000 45.0000 5000.0000 3000.0000 0.1509 0.0567 0.0000
-85.1805 42.9715 -6363.9610 70.0000 45.0000 5000.0000 3000.0000 0.1614 0.0180 0.0000
-85.1232 42.9874 -6363.9610 70.0000 45.0000 5000.0000 3000.0000 0.1695 -0.0178 0.0000
-85.0659 43.0034 -6363.9610 70.0000 45.0000 5000.0000 3000.0000 0.1837 -0.0340 0.0000
-85.0085 43.0192 -6363.9610 70.0000 45.0000 5000.0000 3000.0000 0.1820 -0.0164 0.0000
-84.9511 43.0351 -6363.9610 70.0000 45.0000 5000.0000 3000.0000 0.1712 -0.0096 0.0000
-84.8936 43.0509 -6363.9610 70.0000 45.0000 5000.0000 3000.0000 0.1697 -0.0208 0.0000
-84.8362 43.0667 -6363.9610 70.0000 45.0000 5000.0000 3000.0000 0.1934 -0.0373 0.0000
-84.7787 43.0824 -6363.9610 70.0000 45.0000 5000.0000 3000.0000 0.2134 -0.0181 0.0000
-84.7211 43.0982 -6363.9610 70.0000 45.0000 5000.0000 3000.0000 0.2182 -0.0052 0.0000
-84.6636 43.1139 -6363.9610 70.0000 45.0000 5000.0000 3000.0000 0.2310 -0.0144 0.0000
-84.6060 43.1296 -6363.9610 70.0000 45.0000 5000.0000 3000.0000 0.2733 -0.0379 0.0000
-84.5483 43.1452 -6363.9610 70.0000 45.0000 5000.0000 3000.0000 0.3593 0.0680 0.0000
-84.4907 43.1608 -6363.9610 70.0000 45.0000 5000.0000 3000.0000 0.3211 0.1233 0.0000
-84.4330 43.1764 -6363.9610 70.0000 45.0000 5000.0000 3000.0000 0.3794 0.0612 0.0000
-84.3753 43.1920 -6363.9610 70.0000 45.0000 5000.0000 3000.0000 0.4732 0.0378 0.0000
-84.3176 43.2075 -6363.9610 70.0000 45.0000 5000.0000 3000.0000 0.5560 -0.0067 0.0000
-84.2598 43.2230 -6363.9610 70.0000 45.0000 5000.0000 3000.0000 0.4293 -0.0533 0.0000
-84.2020 43.2385 -6363.9610 70.0000 45.0000 5000.0000 3000.0000 0.2419 -0.0392 0.0000
-84.1442 43.2539 -6363.9610 70.0000 45.0000 5000.0000 3000.0000 0.2972 0.0674 0.0000
-84.0863 43.2693 -6363.9610 70.0000 45.0000 5000.0000 3000.0000 0.3634 0.1323 0.0000
-84.0284 43.2847 -6363.9610 70.0000 45.0000 5000.0000 3000.0000 0.4391 0.0719 0.0000
-83.9705 43.3001 -6363.9610 70.0000 45.0000 5000.0000 3000.0000 0.4679 0.0130 0.0000
-83.9126 43.3154 -6363.9610 70.0000 45.0000 5000.0000 3000.0000 0.4374 -0.0231 0.0000
-83.8546 43.3307 -6363.9610 70.0000 45.0000 5000.0000 3000.0000 0.3695 -0.0447 0.0000
-83.7966 43.3460 -6363.9610 70.0000 45.0000 5000.0000 3000.0000 0.2913 -0.0571 0.0000
-83.7386 43.3612 -6363.9610 70.0000 45.0000 5000.0000 3000.0000 0.2365 -0.0542 0.0000
-83.6805 43.3764 -6363.9610 70.0000 45.0000 5000.0000 3000.0000 0.2353 -0.0312 0.0000
-83.6224 43.3916 -6363.9610 70.0000 45.0000 5000.0000 3000.0000 0.2711 -0.0015 0.0000
-83.5643 43.4067 -6363.9610 70.0000 45.0000 5000.0000 3000.0000 0.2995 0.0133 0.0000
-83.5062 43.4218 -6363.9610 70.0000 45.0000 5000.0000 3000.0000 0.3022 0.0116 0.0000
-83.4480 43.4369 -6363.9610 70.0000 45.0000 5000.0000 3000.0000 0.2852 0.0068 0.0000
-83.3898 43.4520 -6363.9610 70.0000 45.0000 5000.0000 3000.0000 0.2590 0.0068 0.0000
-83.3315 43.4670 -6363.9610 70.0000 45.0000 5000.0000 3000.0000 0.2277 0.0089 0.0000
-83.2733 43.4820 -6363.9610 70.0000 45.0000 5000.0000 3000.0000 0.1888 0.0095 0.0000
-83.2150 43.4970 -6363.9610 70.0000 45.0000 5000.0000 3000.0000 0.1497 0.0109 0.0000
-83.1567 43.5119 -6363.9610 70.0000 45.0000 5000.0000 3000.0000 0.1186 0.0153 0.0000
-83.0983 43.5268 -6363.9610 70.0000 45.0000 5000.0000 3000.0000 0.0920 0.0226 0.0000
-83.0400 43.5417 -6363.9610 70.0000 45.0000 5000.0000 3000.0000 0.0668 0.0308 0.0000
-85.2859 42.9217 -8485.2814 70.0000 45.0000 5000.0000 3000.0000 0.1489 0.0869 0.0000
-85.2286 42.9377 -8485.2814 70.0000 45.0000 5000.0000 3000.0000 0.1616 0.0558 0.0000
-85.1713 42.9537 -8485.2814 70.0000 45.0000 5000.0000 3000.0000 0.1754 0.0236 0.0000
-85.1140 42.9696 -8485.2814 70.0000 45.0000 5000.0000 3000.0000 0.1885 -0.0053 0.0000
-85.0567 42.9855 -8485.2814 70.0000 45.0000 5000.0000 3000.0000 0.2012 -0.0170 0.0000
-84.9993 43.0014 -8485.2814 70.0000 45.0000 5000.0000 3000.0000 0.1993 -0.0094 0.0000
-84.9419 43.0172 -8485.2814 70.0000 45.0000 5000.0000 3000.0000 0.1906 -0.0173 0.0000
-84.8845 43.0330 -8485.2814 70.0000 45.0000 5000.0000 3000.0000 0.1918 -0.0455 0.0000
-84.8270 43.0488 -8485.2814 70.0000 45.0000 5000.0000 3000.0000 0.2217 -0.0665 0.0000
-84.7695 43.0646 -8485.2814 70.0000 45.0000 5000.0000 3000.0000 0.2444 -0.0382 0.0000
-84.7120 43.0803 -8485.2814 70.0000 45.0000 5000.0000 3000.0000 0.2514 -0.0132 0.0000
-84.6545 43.0960 -8485.2814 70.0000 45.0000 5000.0000 3000.0000 0.2809 -0.0094 0.0000
-84.5969 43.1117 -8485.2814 70.0000 45.0000 5000.0000 3000.0000 0.3469 -0.0068 0.0000
-84.5393 43.1273 -8485.2814 70.0000 45.0000 5000.0000 3000.0000 0.4158 0.0530 0.0000
-84.4817 43.1429 -8485.2814 70.0000 45.0000 5000.0000 3000.0000 0.4150 0.0729 0.0000
-84.4240 43.1585 -8485.2814 70.0000 45.0000 5000.0000 3000.0000 0.4316 0.0125 0.0000
-84.3663 43.1741 -8485.2814 70.0000 45.0000 5000.0000 3000.0000 0.5108 -0.0451 0.0000
-84.3086 43.1896 -8485.2814 70.0000 45.0000 5000.0000 3000.0000 0.6496 -0.0745 0.0000
-84.2508 43.2051 -8485.2814 70.0000 45.0000 5000.0000 3000.0000 0.5676 -0.0543 0.0000
-84.1930 43.2205 -8485.2814 70.0000 45.0000 5000.0000 3000.0000 0.3681 -0.0087 0.0000
-84.1352 43.2360 -8485.2814 70.0000 45.0000 5000.0000 3000.0000 0.4010 0.0591 0.0000
-84.0774 43.2514 -8485.2814 70.0000 45.0000 5000.0000 3000.0000 0.4989 0.0951 0.0000
-84.0195 43.2668 -8485.2814 70.0000 45.0000 5000.0000 3000.0000 0.5547 0.0513 0.0000
-83.9616 43.2821 -8485.2814 70.0000 45.0000 5000.0000 3000.0000 0.5567 -0.0013 0.0000
-83.9037 43.2974 -8485.2814 70.0000 45.0000 5000.0000 3000.0000 0.5097 -0.0367 0.0000
-83.8457 43.3127 -8485.2814 70.0000 45.0000 5000.0000 3000.0000 0.4345 -0.0549 0.0000
-83.7877 43.3280 -8485.2814 70.0000 45.0000 5000.0000 3000.0000 0.3526 -0.0598 0.0000
-83.7297 43.3432 -8485.2814 70.0000 45.0000 5000.0000 3000.0000 0.2914 -0.0505 0.0000
-83.6717 43.3584 -8485.2814 70.0000 45.0000 5000.0000 3000.0000 0.2858 -0.0287 0.0000
-83.6136 43.3736 -8485.2814 70.0000 45.0000 5000.0000 3000.0000 0.3255 -0.0090 0.0000
-83.5555 43.3887 -8485.2814 70.0000 45.0000 5000.0000 3000.0000 0.3556 -0.0028 0.0000
-83.4974 43.4039 -8485.2814 70.0000 45.0000 5000.0000 3000.0000 0.3477 -0.0059 0.0000
-83.4392 43.4189 -8485.2814 70.0000 45.0000 5000.0000 3000.0000 0.3120 -0.0070 0.0000
-83.3810 43.4340 -8485.2814 70.0000 45.0000 5000.0000 3000.0000 0.2713 -0.0016 0.0000
-83.3228 43.4490 -8485.2814 70.0000 45.0000 5000.0000 3000.0000 0.2354 0.0059 0.0000
-83.2646 43.4640 -8485.2814 70.0000 45.0000 5000.0000 3000.0000 0.1994 0.0100 0.0000
-83.2063 43.4790 -8485.2814 70.0000 45.0000 5000.0000 3000.0000 0.1648 0.0103 0.0000
-83.1480 43.4939 -8485.2814 70.0000 45.0000 5000.0000 3000.0000 0.1350 0.0100 0.0000
-83.0896 43.5088 -8485.2814 70.0000 45.0000 5000.0000 3000.0000 0.1110 0.0112 0.0000
-83.0313 43.5237 -8485.2814 70.0000 45.0000 5000.0000 3000.0000 0.0971 0.0131 0.0000
-85.2766 42.9039 -10606.6017 70.0000 45.0000 5000.0000 3000.0000 0.1556 0.0803 0.0000
-85.2194 42.9199 -10606.6017 70.0000 45.0000 5000.0000 3000.0000 0.1679 0.0562 0.0000
-85.1621 42.9358 -10606.6017 70.0000 45.0000 5000.0000 3000.0000 0.1829 0.0324 0.0000
-85.1048 42.9517 -10606.6017 70.0000 45.0000 5000.0000 3000.0000 0.1989 0.0121 0.0000
-85.0475 42.9676 -10606.6017 70.0000 45.0000 5000.0000 3000.0000 0.2128 0.0026 0.0000
-84.9902 42.9835 -10606.6017 70.0000 45.0000 5000.0000 3000.0000 0.2181 0.0013 0.0000
-84.9328 42.9993 -10606.6017 70.0000 45.0000 5000.0000 3000.0000 0.2197 -0.0109 0.0000
-84.8754 43.0151 -10606.6017 70.0000 45.0000 5000.0000 3000.0000 0.2281 -0.0371 0.0000
-84.8179 43.0309 -10606.6017 70.0000 45.0000 5000.0000 3000.0000 0.2498 -0.0535 0.0000
-84.7604 43.0467 -10606.6017 70.0000 45.0000 5000.0000 3000.0000 0.2664 -0.0357 0.0000
-84.7029 43.0624 -10606.6017 70.0000 45.0000 5000.0000 3000.0000 0.2809 -0.0128 0.0000
-84.6454 43.0781 -10606.6017 70.0000 45.0000 5000.0000 3000.0000 0.3227 -0.0015 0.0000
-84.5878 43.0938 -10606.6017 70.0000 45.0000 5000.0000 3000.0000 0.3950 0.0084 0.0000
-84.5302 43.1094 -10606.6017 70.0000 45.0000 5000.0000 3000.0000 0.4615 0.0314 0.0000
-84.4726 43.1250 -10606.6017 70.0000 45.0000 5000.0000 3000.0000 0.4836 0.0217 0.0000
-84.4150 43.1406 -10606.6017 70.0000 45.0000 5000.0000 3000.0000 0.4952 -0.0500 0.0000
-84.3573 43.1561 -10606.6017 70.0000 45.0000 5000.0000 3000.0000 0.5701 -0.1434 0.0000
-84.2996 43.1717 -10606.6017 70.0000 45.0000 5000.0000 3000.0000 0.7266 -0.1657 0.0000
-84.2418 43.1871 -10606.6017 70.0000 45.0000 5000.0000 3000.0000 0.6759 -0.0719 0.0000
-84.1841 43.2026 -10606.6017 70.0000 45.0000 5000.0000 3000.0000 0.4845 0.0099 0.0000
-84.1263 43.2180 -10606.6017 70.0000 45.0000 5000.0000 3000.0000 0.5037 0.0431 0.0000
-84.0684 43.2334 -10606.6017 70.0000 45.0000 5000.0000 3000.0000 0.6090 0.0482 0.0000
-84.0106 43.2488 -10606.6017 70.0000 45.0000 5000.0000 3000.0000 0.6559 0.0193 0.0000
-83.9527 43.2642 -10606.6017 70.0000 45.0000 5000.0000 3000.0000 0.6382 -0.0167 0.0000
-83.8948 43.2795 -10606.6017 70.0000 45.0000 5000.0000 3000.0000 0.5758 -0.0413 0.0000
-83.8368 43.2948 -10606.6017 70.0000 45.0000 5000.0000 3000.0000 0.4932 -0.0501 0.0000
-83.7789 43.3100 -10606.6017 70.0000 45.0000 5000.0000 3000.0000 0.4098 -0.0477 0.0000
-83.7209 43.3253 -10606.6017 70.0000 45.0000 5000.0000 3000.0000 0.3449 -0.0396 0.0000
-83.6628 43.3405 -10606.6017 70.0000 45.0000 5000.0000 3000.0000 0.3361 -0.0290 0.0000
-83.6048 43.3556 -10606.6017 70.0000 45.0000 5000.0000 3000.0000 0.3778 -0.0225 0.0000
-83.5467 43.3708 -10606.6017 70.0000 45.0000 5000.0000 3000.0000 0.4055 -0.0232 0.0000
-83.4886 43.3859 -10606.6017 70.0000 45.0000 5000.0000 3000.0000 0.3826 -0.0255 0.0000
-83.4304 43.4010 -10606.6017 70.0000 45.0000 5000.0000 3000.0000 0.3247 -0.0212 0.0000
-83.3723 43.4160 -10606.6017 70.0000 45.0000 5000.0000 3000.0000 0.2686 -0.0078 0.0000
-83.3141 43.4310 -10606.6017 70.0000 45.0000 5000.0000 3000.0000 0.2327 0.0072 0.0000
-83.2558 43.4460 -10606.6017 70.0000 45.0000 5000.0000 3000.0000 0.2083 0.0138 0.0000
-83.1976 43.4610 -10606.6017 70.0000 45.0000 5000.0000 3000.0000 0.1842 0.0110 0.0000
-83.1393 43.4759 -10606.6017 70.0000 45.0000 5000.0000 3000.0000 0.1554 0.0066 0.0000
-83.0810 43.4908 -10606.6017 70.0000 45.0000 5000.0000 3000.0000 0.1297 0.0050 0.0000
-83.0226 43.5057 -10606.6017 70.0000 45.0000 5000.0000 3000.0000 0.1190 0.0049 0.0000
-85.2674 42.8860 -12727.9221 70.0000 45.0000 5000.0000 3000.0000 0.1598 0.0742 0.0000
-85.2102 42.9020 -12727.9221 70.0000 45.0000 5000.0000 3000.0000 0.1687 0.0574 0.0000
-85.1529 42.9179 -12727.9221 70.0000 45.0000 5000.0000 3000.0000 0.1826 0.0424 0.0000
-85.0956 42.9339 -12727.9221 70.0000 45.0000 5000.0000 3000.0000 0.2009 0.0306 0.0000
-85.0383 42.9498 -12727.9221 70.0000 45.0000 5000.0000 3000.0000 0.2204 0.0241 0.0000
-84.9810 42.9656 -12727.9221 70.0000 45.0000 5000.0000 3000.0000 0.2368 0.0196 0.0000
-84.9236 42.9815 -12727.9221 70.0000 45.0000 5000.0000 3000.0000 0.2512 0.0073 0.0000
-84.8662 42.9973 -12727.9221 70.0000 45.0000 5000.0000 3000.0000 0.2658 -0.0134 0.0000
-84.8088 43.0130 -12727.9221 70.0000 45.0000 5000.0000 3000.0000 0.2800 -0.0273 0.0000
-84.7513 43.0288 -12727.9221 70.0000 45.0000 5000.0000 3000.0000 0.2894 -0.0217 0.0000
-84.6938 43.0445 -12727.9221 70.0000 45.0000 5000.0000 3000.0000 0.3075 -0.0082 0.0000
-84.6363 43.0602 -12727.9221 70.0000 45.0000 5000.0000 3000.0000 0.3570 0.0016 0.0000
-84.5788 43.0759 -12727.9221 70.0000 45.0000 5000.0000 3000.0000 0.4334 0.0086 0.0000
-84.5212 43.0915 -12727.9221 70.0000 45.0000 5000.0000 3000.0000 0.5039 0.0119 0.0000
-84.4636 43.1071 -12727.9221 70.0000 45.0000 5000.0000 3000.0000 0.5432 -0.0138 0.0000
-84.4060 43.1227 -12727.9221 70.0000 45.0000 5000.0000 3000.0000 0.5698 -0.0908 0.0000
-84.3483 43.1382 -12727.9221 70.0000 45.0000 5000.0000 3000.0000 0.6475 -0.1913 0.0000
-84.2906 43.1537 -12727.9221 70.0000 45.0000 5000.0000 3000.0000 0.7770 -0.2013 0.0000
-84.2329 43.1692 -12727.9221 70.0000 45.0000 5000.0000 3000.0000 0.7276 -0.0797 0.0000
-84.1751 43.1847 -12727.9221 70.0000 45.0000 5000.0000 3000.0000 0.5671 0.0017 0.0000
-84.1173 43.2001 -12727.9221 70.0000 45.0000 5000.0000 3000.0000 0.5883 0.0056 0.0000
-84.0595 43.2155 -12727.9221 70.0000 45.0000 5000.0000 3000.0000 0.6904 -0.0024 0.0000
-84.0017 43.2309 -12727.9221 70.0000 45.0000 5000.0000 3000.0000 0.7313 -0.0136 0.0000
-83.9438 43.2462 -12727.9221 70.0000 45.0000 5000.0000 3000.0000 0.7015 -0.0278 0.0000
-83.8859 43.2615 -12727.9221 70.0000 45.0000 5000.0000 3000.0000 0.6264 -0.0363 0.0000
-83.8280 43.2768 -12727.9221 70.0000 45.0000 5000.0000 3000.0000 0.5361 -0.0335 0.0000
-83.7700 43.2921 -12727.9221 70.0000 45.0000 5000.0000 3000.0000 0.4530 -0.0247 0.0000
-83.7120 43.3073 -12727.9221 70.0000 45.0000 5000.0000 3000.0000 0.3898 -0.0219 0.0000
-83.6540 43.3225 -12727.9221 70.0000 45.0000 5000.0000 3000.0000 0.3810 -0.0283 0.0000
-83.5960 43.3376 -12727.9221 70.0000 45.0000 5000.0000 3000.0000 0.4228 -0.0367 0.0000
-83.5379 43.3528 -12727.9221 70.0000 45.0000 5000.0000 3000.0000 0.4448 -0.0414 0.0000
-83.4798 43.3679 -12727.9221 70.0000 45.0000 5000.0000 3000.0000 0.4042 -0.0406 0.0000
-83.4217 43.3830 -12727.9221 70.0000 45.0000 5000.0000 3000.0000 0.3219 -0.0316 0.0000
-83.3635 43.3980 -12727.9221 70.0000 45.0000 5000.0000 3000.0000 0.2509 -0.0141 0.0000
-83.3053 43.4130 -12727.9221 70.0000 45.0000 5000.0000 3000.0000 0.2213 0.0035 0.0000
-83.2471 43.4280 -12727.9221 70.0000 45.0000 5000.0000 3000.0000 0.2181 0.0096 0.0000
-83.1889 43.4430 -12727.9221 70.0000 45.0000 5000.0000 3000.0000 0.2081 0.0059 0.0000
-83.1306 43.4579 -12727.9221 70.0000 45.0000 5000.0000 3000.0000 0.1780 0.0026 0.0000
-83.0723 43.4728 -12727.9221 70.0000 45.0000 5000.0000 3000.0000 0.1470 0.0028 0.0000
-83.0140 43.4877 -12727.9221 70.0000 45.0000 5000.0000 3000.0000 0.1353 0.0041 0.0000
-85.2582 42.8682 -14849.2424 70.0000 45.0000 5000.0000 3000.0000 0.1614 0.0688 0.0000
-85.2010 42.8841 -14849.2424 70.0000 45.0000 5000.0000 3000.0000 0.1642 0.0584 0.0000
-85.1437 42.9001 -14849.2424 70.0000 45.0000 5000.0000 3000.0000 0.1747 0.0509 0.0000
-85.0865 42.9160 -14849.2424 70.0000 45.0000 5000.0000 3000.0000 0.1955 0.0461 0.0000
-85.0292 42.9319 -14849.2424 70.0000 45.0000 5000.0000 3000.0000 0.2239 0.0436 0.0000
-84.9718 42.9477 -14849.2424 70.0000 45.0000 5000.0000 3000.0000 0.2542 0.0398 0.0000
-84.9145 42.9636 -14849.2424 70.0000 45.0000 5000.0000 3000.0000 0.2814 0.0298 0.0000
-84.8571 42.9794 -14849.2424 70.0000 45.0000 5000.0000 3000.0000 0.3014 0.0137 0.0000
-84.7997 42.9951 -14849.2424 70.0000 45.0000 5000.0000 3000.0000 0.3108 -0.0002 0.0000
-84.7422 43.0109 -14849.2424 70.0000 45.0000 5000.0000 3000.0000 0.3140 -0.0050 0.0000
-84.6848 43.0266 -14849.2424 70.0000 45.0000 5000.0000 3000.0000 0.3321 -0.0040 0.0000
-84.6273 43.0423 -14849.2424 70.0000 45.0000 5000.0000 3000.0000 0.3854 -0.0024 0.0000
-84.5697 43.0579 -14849.2424 70.0000 45.0000 5000.0000 3000.0000 0.4649 -0.0018 0.0000
-84.5122 43.0736 -14849.2424 70.0000 45.0000 5000.0000 3000.0000 0.5405 -0.0067 0.0000
-84.4546 43.0892 -14849.2424 70.0000 45.0000 5000.0000 3000.0000 0.5937 -0.0335 0.0000
-84.3969 43.1047 -14849.2424 70.0000 45.0000 5000.0000 3000.0000 0.6377 -0.0963 0.0000
-84.3393 43.1203 -14849.2424 70.0000 45.0000 5000.0000 3000.0000 0.7115 -0.1688 0.0000
-84.2816 43.1358 -14849.2424 70.0000 45.0000 5000.0000 3000.0000 0.7910 -0.1597 0.0000
-84.2239 43.1513 -14849.2424 70.0000 45.0000 5000.0000 3000.0000 0.7294 -0.0606 0.0000
-84.1662 43.1667 -14849.2424 70.0000 45.0000 5000.0000 3000.0000 0.6101 -0.0177 0.0000
-84.1084 43.1822 -14849.2424 70.0000 45.0000 5000.0000 3000.0000 0.6410 -0.0394 0.0000
-84.0506 43.1976 -14849.2424 70.0000 45.0000 5000.0000 3000.0000 0.7370 -0.0479 0.0000
-83.9928 43.2129 -14849.2424 70.0000 45.0000 5000.0000 3000.0000 0.7750 -0.0395 0.0000
-83.9349 43.2283 -14849.2424 70.0000 45.0000 5000.0000 3000.0000 0.7401 -0.0310 0.0000
-83.8770 43.2436 -14849.2424 70.0000 45.0000 5000.0000 3000.0000 0.6560 -0.0230 0.0000
-83.8191 43.2588 -14849.2424 70.0000 45.0000 5000.0000 3000.0000 0.5579 -0.0107 0.0000
-83.7612 43.2741 -14849.2424 70.0000 45.0000 5000.0000 3000.0000 0.4752 0.0011 0.0000
-83.7032 43.2893 -14849.2424 70.0000 45.0000 5000.0000 3000.0000 0.4188 -0.0027 0.0000
-83.6452 43.3045 -14849.2424 70.0000 45.0000 5000.0000 3000.0000 0.4142 -0.0245 0.0000
-83.5872 43.3197 -14849.2424 70.0000 45.0000 5000.0000 3000.0000 0.4546 -0.0442 0.0000
-83.5291 43.3348 -14849.2424 70.0000 45.0000 5000.0000 3000.0000 0.4687 -0.0489 0.0000
-83.4710 43.3499 -14849.2424 70.0000 45.0000 5000.0000 3000.0000 0.4112 -0.0438 0.0000
-83.4129 43.3650 -14849.2424 70.0000 45.0000 5000.0000 3000.0000 0.3070 -0.0350 0.0000
-83.3548 43.3800 -14849.2424 70.0000 45.0000 5000.0000 3000.0000 0.2242 -0.0246 0.0000
-83.2966 43.3950 -14849.2424 70.0000 45.0000 5000.0000 3000.0000 0.2065 -0.0157 0.0000
-83.2384 43.4100 -14849.2424 70.0000 45.0000 5000.0000 3000.0000 0.2285 -0.0120 0.0000
-83.1802 43.4250 -14849.2424 70.0000 45.0000 5000.0000 3000.0000 0.2317 -0.0090 0.0000
-83.1219 43.4399 -14849.2424 70.0000 45.0000 5000.0000 3000.0000 0.1988 -0.0028 0.0000
-83.0636 43.4548 -14849.2424 70.0000 45.0000 5000.0000 3000.0000 0.1614 0.0042 0.0000
-83.0053 43.4696 -14849.2424 70.0000 45.0000 5000.0000 3000.0000 0.1472 0.0091 0.0000
-85.2490 42.8503 -16970.5627 70.0000 45.0000 5000.0000 3000.0000 0.1609 0.0645 0.0000
-85.1918 42.8663 -16970.5627 70.0000 45.0000 5000.0000 3000.0000 0.1556 0.0587 0.0000
-85.1345 42.8822 -16970.5627 70.0000 45.0000 5000.0000 3000.0000 0.1614 0.0557 0.0000
-85.0773 42.8981 -16970.5627 70.0000 45.0000 5000.0000 3000.0000 0.1844 0.0551 0.0000
-85.0200 42.9140 -16970.5627 70.0000 45.0000 5000.0000 3000.0000 0.2233 0.0555 0.0000
-84.9627 42.9299 -16970.5627 70.0000 45.0000 5000.0000 3000.0000 0.2683 0.0546 0.0000
-84.9054 42.9457 -16970.5627 70.0000 45.0000 5000.0000 3000.0000 0.3078 0.0490 0.0000
-84.8480 42.9615 -16970.5627 70.0000 45.0000 5000.0000 3000.0000 0.3326 0.0378 0.0000
-84.7906 42.9773 -16970.5627 70.0000 45.0000 5000.0000 3000.0000 0.3394 0.0239 0.0000
-84.7331 42.9930 -16970.5627 70.0000 45.0000 5000.0000 3000.0000 0.3378 0.0104 0.0000
-84.6757 43.0087 -16970.5627 70.0000 45.0000 5000.0000 3000.0000 0.3540 -0.0019 0.0000
-84.6182 43.0244 -16970.5627 70.0000 45.0000 5000.0000 3000.0000 0.4075 -0.0119 0.0000
-84.5607 43.0400 -16970.5627 70.0000 45.0000 5000.0000 3000.0000 0.4874 -0.0183 0.0000
-84.5031 43.0557 -16970.5627 70.0000 45.0000 5000.0000 3000.0000 0.5658 -0.0247 0.0000
-84.4455 43.0713 -16970.5627 70.0000 45.0000 5000.0000 3000.0000 0.6276 -0.0423 0.0000
-84.3879 43.0868 -16970.5627 70.0000 45.0000 5000.0000 3000.0000 0.6805 -0.0781 0.0000
-84.3303 43.1024 -16970.5627 70.0000 45.0000 5000.0000 3000.0000 0.7398 -0.1103 0.0000
-84.2726 43.1179 -16970.5627 70.0000 45.0000 5000.0000 3000.0000 0.7719 -0.0875 0.0000
-84.2149 43.1334 -16970.5627 70.0000 45.0000 5000.0000 3000.0000 0.7033 -0.0304 0.0000
-84.1572 43.1488 -16970.5627 70.0000 45.0000 5000.0000 3000.0000 0.6219 -0.0332 0.0000
-84.0995 43.1642 -16970.5627 70.0000 45.0000 5000.0000 3000.0000 0.6602 -0.0724 0.0000
-84.0417 43.1796 -16970.5627 70.0000 45.0000 5000.0000 3000.0000 0.7489 -0.0774 0.0000
-83.9839 43.1950 -16970.5627 70.0000 45.0000 5000.0000 3000.0000 0.7867 -0.0529 0.0000
-83.9260 43.2103 -16970.5627 70.0000 45.0000 5000.0000 3000.0000 0.7522 -0.0252 0.0000
-83.8682 43.2256 -16970.5627 70.0000 45.0000 5000.0000 3000.0000 0.6635 -0.0034 0.0000
-83.8103 43.2409 -16970.5627 70.0000 45.0000 5000.0000 3000.0000 0.5589 0.0139 0.0000
-83.7523 43.2561 -16970.5627 70.0000 45.0000 5000.0000 3000.0000 0.4758 0.0236 0.0000
-83.6944 43.2713 -16970.5627 70.0000 45.0000 5000.0000 3000.0000 0.4287 0.0132 0.0000
-83.6364 43.2865 -16970.5627 70.0000 45.0000 5000.0000 3000.0000 0.4314 -0.0169 0.0000
-83.5784 43.3017 -16970.5627 70.0000 45.0000 5000.0000 3000.0000 0.4690 -0.0398 0.0000
-83.5203 43.3168 -16970.5627 70.0000 45.0000 5000.0000 3000.0000 0.4747 -0.0405 0.0000
-83.4623 43.3319 -16970.5627 70.0000 45.0000 5000.0000 3000.0000 0.4049 -0.0315 0.0000
-83.4042 43.3470 -16970.5627 70.0000 45.0000 5000.0000 3000.0000 0.2869 -0.0290 0.0000
-83.3460 43.3620 -16970.5627 70.0000 45.0000 5000.0000 3000.0000 0.1995 -0.0368 0.0000
-83.2879 43.3770 -16970.5627 70.0000 45.0000 5000.0000 3000.0000 0.1943 -0.0462 0.0000
-83.2297 43.3920 -16970.5627 70.0000 45.0000 5000.0000 3000.0000 0.2361 -0.0448 0.0000
-83.1715 43.4069 -16970.5627 70.0000 45.0000 5000.0000 3000.0000 0.2484 -0.0284 0.0000
-83.1132 43.4219 -16970.5627 70.0000 45.0000 5000.0000 3000.0000 0.2132 -0.0067 0.0000
-83.0550 43.4368 -16970.5627 70.0000 45.0000 5000.0000 3000.0000 0.1715 0.0095 0.0000
-82.9967 43.4516 -16970.5627 70.0000 45.0000 5000.0000 3000.0000 0.1555 0.0184 0.0000
-85.2397 42.8325 -19091.8831 70.0000 45.0000 5000.0000 3000.0000 0.1592 0.0616 0.0000
-85.1826 42.8484 -19091.8831 70.0000 45.0000 5000.0000 3000.0000 0.1453 0.0582 0.0000
-85.1254 42.8644 -19091.8831 70.0000 45.0000 5000.0000 3000.0000 0.1457 0.0561 0.0000
-85.0681 42.8803 -19091.8831 70.0000 45.0000 5000.0000 3000.0000 0.1706 0.0555 0.0000
-85.0108 42.8962 -19091.8831 70.0000 45.0000 5000.0000 3000.0000 0.2190 0.0569 0.0000
-84.9536 42.9120 -19091.8831 70.0000 45.0000 5000.0000 3000.0000 0.2773 0.0594 0.0000
-84.8962 42.9278 -19091.8831 70.0000 45.0000 5000.0000 3000.0000 0.3275 0.0601 0.0000
-84.8389 42.9436 -19091.8831 70.0000 45.0000 5000.0000 3000.0000 0.3568 0.0553 0.0000
-84.7815 42.9594 -19091.8831 70.0000 45.0000 5000.0000 3000.0000 0.3627 0.0431 0.0000
-84.7241 42.9751 -19091.8831 70.0000 45.0000 5000.0000 3000.0000 0.3583 0.0232 0.0000
-84.6666 42.9908 -19091.8831 70.0000 45.0000 5000.0000 3000.0000 0.3716 -0.0013 0.0000
-84.6091 43.0065 -19091.8831 70.0000 45.0000 5000.0000 3000.0000 0.4220 -0.0233 0.0000
-84.5516 43.0221 -19091.8831 70.0000 45.0000 5000.0000 3000.0000 0.4985 -0.0362 0.0000
-84.4941 43.0378 -19091.8831 70.0000 45.0000 5000.0000 3000.0000 0.5756 -0.0409 0.0000
-84.4365 43.0533 -19091.8831 70.0000 45.0000 5000.0000 3000.0000 0.6396 -0.0456 0.0000
-84.3789 43.0689 -19091.8831 70.0000 45.0000 5000.0000 3000.0000 0.6919 -0.0544 0.0000
-84.3213 43.0844 -19091.8831 70.0000 45.0000 5000.0000 3000.0000 0.7325 -0.0543 0.0000
-84.2637 43.0999 -19091.8831 70.0000 45.0000 5000.0000 3000.0000 0.7323 -0.0279 0.0000
-84.2060 43.1154 -19091.8831 70.0000 45.0000 5000.0000 3000.0000 0.6668 -0.0069 0.0000
-84.1483 43.1309 -19091.8831 70.0000 45.0000 5000.0000 3000.0000 0.6135 -0.0393 0.0000
-84.0905 43.1463 -19091.8831 70.0000 45.0000 5000.0000 3000.0000 0.6534 -0.0853 0.0000
-84.0328 43.1617 -19091.8831 70.0000 45.0000 5000.0000 3000.0000 0.7331 -0.0875 0.0000
-83.9750 43.1770 -19091.8831 70.0000 45.0000 5000.0000 3000.0000 0.7712 -0.0532 0.0000
-83.9171 43.1924 -19091.8831 70.0000 45.0000 5000.0000 3000.0000 0.7400 -0.0121 0.0000
-83.8593 43.2077 -19091.8831 70.0000 45.0000 5000.0000 3000.0000 0.6513 0.0198 0.0000
-83.8014 43.2229 -19091.8831 70.0000 45.0000 5000.0000 3000.0000 0.5436 0.0385 0.0000
-83.7435 43.2382 -19091.8831 70.0000 45.0000 5000.0000 3000.0000 0.4605 0.0423 0.0000
-83.6855 43.2534 -19091.8831 70.0000 45.0000 5000.0000 3000.0000 0.4218 0.0261 0.0000
-83.6276 43.2686 -19091.8831 70.0000 45.0000 5000.0000 3000.0000 0.4314 -0.0042 0.0000
-83.5696 43.2837 -19091.8831 70.0000 45.0000 5000.0000 3000.0000 0.4652 -0.0227 0.0000
-83.5116 43.2988 -19091.8831 70.0000 45.0000 5000.0000 3000.0000 0.4635 -0.0172 0.0000
-83.4535 43.3139 -19091.8831 70.0000 45.0000 5000.0000 3000.0000 0.3886 -0.0061 0.0000
-83.3954 43.3290 -19091.8831 70.0000 45.0000 5000.0000 3000.0000 0.2690 -0.0133 0.0000
-83.3373 43.3440 -19091.8831 70.0000 45.0000 5000.0000 3000.0000 0.1851 -0.0423 0.0000
-83.2792 43.3590 -19091.8831 70.0000 45.0000 5000.0000 3000.0000 0.1887 -0.0708 0.0000
-83.2210 43.3740 -19091.8831 70.0000 45.0000 5000.0000 3000.0000 0.2386 -0.0709 0.0000
-83.1628 43.3889 -19091.8831 70.0000 45.0000 5000.0000 3000.0000 0.2541 -0.0411 0.0000
-83.1046 43.4038 -19091.8831 70.0000 45.0000 5000.0000 3000.0000 0.2193 -0.0053 0.0000
-83.0463 43.4187 -19091.8831 70.0000 45.0000 5000.0000 3000.0000 0.1774 0.0186 0.0000
-82.9880 43.4336 -19091.8831 70.0000 45.0000 5000.0000 3000.0000 0.1610 0.0305 0.0000
-85.2305 42.8146 -21213.2034 70.0000 45.0000 5000.0000 3000.0000 0.1573 0.0602 0.0000
-85.1734 42.8306 -21213.2034 70.0000 45.0000 5000.0000 3000.0000 0.1355 0.0569 0.0000
-85.1162 42.8465 -21213.2034 70.0000 45.0000 5000.0000 3000.0000 0.1311 0.0526 0.0000
-85.0590 42.8624 -21213.2034 70.0000 45.0000 5000.0000 3000.0000 0.1567 0.0488 0.0000
-85.0017 42.8783 -21213.2034 70.0000 45.0000 5000.0000 3000.0000 0.2120 0.0489 0.0000
-84.9444 42.8941 -21213.2034 70.0000 45.0000 5000.0000 3000.0000 0.2801 0.0544 0.0000
-84.8871 42.9099 -21213.2034 70.0000 45.0000 5000.0000 3000.0000 0.3382 0.0619 0.0000
-84.8298 42.9257 -21213.2034 70.0000 45.0000 5000.0000 3000.0000 0.3714 0.0648 0.0000
-84.7724 42.9415 -21213.2034 70.0000 45.0000 5000.0000 3000.0000 0.3781 0.0562 0.0000
-84.7150 42.9572 -21213.2034 70.0000 45.0000 5000.0000 3000.0000 0.3728 0.0331 0.0000
-84.6575 42.9729 -21213.2034 70.0000 45.0000 5000.0000 3000.0000 0.3832 -0.0003 0.0000
-84.6001 42.9886 -21213.2034 70.0000 45.0000 5000.0000 3000.0000 0.4277 -0.0319 0.0000
-84.5426 43.0042 -21213.2034 70.0000 45.0000 5000.0000 3000.0000 0.4969 -0.0501 0.0000
-84.4851 43.0198 -21213.2034 70.0000 45.0000 5000.0000 3000.0000 0.5687 -0.0532 0.0000
-84.4275 43.0354 -21213.2034 70.0000 45.0000 5000.0000 3000.0000 0.6299 -0.0471 0.0000
-84.3699 43.0510 -21213.2034 70.0000 45.0000 5000.0000 3000.0000 0.6762 -0.0362 0.0000
-84.3123 43.0665 -21213.2034 70.0000 45.0000 5000.0000 3000.0000 0.7005 -0.0176 0.0000
-84.2547 43.0820 -21213.2034 70.0000 45.0000 5000.0000 3000.0000 0.6838 0.0060 0.0000
-84.1970 43.0975 -21213.2034 70.0000 45.0000 5000.0000 3000.0000 0.6276 0.0056 0.0000
-84.1393 43.1129 -21213.2034 70.0000 45.0000 5000.0000 3000.0000 0.5932 -0.0375 0.0000
-84.0816 43.1283 -21213.2034 70.0000 45.0000 5000.0000 3000.0000 0.6299 -0.0819 0.0000
-84.0239 43.1437 -21213.2034 70.0000 45.0000 5000.0000 3000.0000 0.6989 -0.0825 0.0000
-83.9661 43.1591 -21213.2034 70.0000 45.0000 5000.0000 3000.0000 0.7352 -0.0445 0.0000
-83.9083 43.1744 -21213.2034 70.0000 45.0000 5000.0000 3000.0000 0.7079 0.0041 0.0000
-83.8504 43.1897 -21213.2034 70.0000 45.0000 5000.0000 3000.0000 0.6233 0.0424 0.0000
-83.7926 43.2050 -21213.2034 70.0000 45.0000 5000.0000 3000.0000 0.5177 0.0611 0.0000
-83.7347 43.2202 -21213.2034 70.0000 45.0000 5000.0000 3000.0000 0.4367 0.0591 0.0000
-83.6767 43.2354 -21213.2034 70.0000 45.0000 5000.0000 3000.0000 0.4041 0.0394 0.0000
-83.6188 43.2506 -21213.2034 70.0000 45.0000 5000.0000 3000.0000 0.4172 0.0133 0.0000
-83.5608 43.2657 -21213.2034 70.0000 45.0000 5000.0000 3000.0000 0.4461 0.0028 0.0000
-83.5028 43.2808 -21213.2034 70.0000 45.0000 5000.0000 3000.0000 0.4392 0.0138 0.0000
-83.4447 43.2959 -21213.2034 70.0000 45.0000 5000.0000 3000.0000 0.3666 0.0247 0.0000
-83.3867 43.3110 -21213.2034 70.0000 45.0000 5000.0000 3000.0000 0.2567 0.0085 0.0000
-83.3286 43.3260 -21213.2034 70.0000 45.0000 5000.0000 3000.0000 0.1830 -0.0359 0.0000
-83.2704 43.3410 -21213.2034 70.0000 45.0000 5000.0000 3000.0000 0.1899 -0.0763 0.0000
-83.2123 43.3560 -21213.2034 70.0000 45.0000 5000.0000 3000.0000 0.2365 -0.0771 0.0000
-83.1541 43.3709 -21213.2034 70.0000 45.0000 5000.0000 3000.0000 0.2503 -0.0401 0.0000
-83.0959 43.3858 -21213.2034 70.0000 45.0000 5000.0000 3000.0000 0.2185 0.0029 0.0000
-83.0377 43.4007 -21213.2034 70.0000 45.0000 5000.0000 3000.0000 0.1801 0.0305 0.0000
-82.9794 43.4156 -21213.2034 70.0000 45.0000 5000.0000 3000.0000 0.1647 0.0435 0.0000
-85.2213 42.7968 -23334.5238 70.0000 45.0000 5000.0000 3000.0000 0.1561 0.0597 0.0000
-85.1642 42.8127 -23334.5238 70.0000 45.0000 5000.0000 3000.0000 0.1281 0.0551 0.0000
-85.1070 42.8287 -23334.5238 70.0000 45.0000 5000.0000 3000.0000 0.1198 0.0468 0.0000
-85.0498 42.8445 -23334.5238 70.0000 45.0000 5000.0000 3000.0000 0.1451 0.0381 0.0000
-84.9926 42.8604 -23334.5238 70.0000 45.0000 5000.0000 3000.0000 0.2034 0.0355 0.0000
-84.9353 42.8763 -23334.5238 70.0000 45.0000 5000.0000 3000.0000 0.2762 0.0428 0.0000
-84.8780 42.8921 -23334.5238 70.0000 45.0000 5000.0000 3000.0000 0.3387 0.0564 0.0000
-84.8207 42.9078 -23334.5238 70.0000 45.0000 5000.0000 3000.0000 0.3751 0.0666 0.0000
-84.7633 42.9236 -23334.5238 70.0000 45.0000 5000.0000 3000.0000 0.3839 0.0630 0.0000
-84.7059 42.9393 -23334.5238 70.0000 45.0000 5000.0000 3000.0000 0.3796 0.0402 0.0000
-84.6485 42.9550 -23334.5238 70.0000 45.0000 5000.0000 3000.0000 0.3875 0.0027 0.0000
-84.5910 42.9707 -23334.5238 70.0000 45.0000 5000.0000 3000.0000 0.4243 -0.0346 0.0000
-84.5336 42.9863 -23334.5238 70.0000 45.0000 5000.0000 3000.0000 0.4835 -0.0568 0.0000
-84.4761 43.0019 -23334.5238 70.0000 45.0000 5000.0000 3000.0000 0.5473 -0.0597 0.0000
-84.4185 43.0175 -23334.5238 70.0000 45.0000 5000.0000 3000.0000 0.6026 -0.0475 0.0000
-84.3610 43.0331 -23334.5238 70.0000 45.0000 5000.0000 3000.0000 0.6416 -0.0261 0.0000
-84.3034 43.0486 -23334.5238 70.0000 45.0000 5000.0000 3000.0000 0.6550 0.0000 0.0000
-84.2457 43.0641 -23334.5238 70.0000 45.0000 5000.0000 3000.0000 0.6331 0.0192 0.0000
-84.1881 43.0796 -23334.5238 70.0000 45.0000 5000.0000 3000.0000 0.5879 0.0097 0.0000
-84.1304 43.0950 -23334.5238 70.0000 45.0000 5000.0000 3000.0000 0.5656 -0.0324 0.0000
-84.0727 43.1104 -23334.5238 70.0000 45.0000 5000.0000 3000.0000 0.5969 -0.0707 0.0000
-84.0150 43.1258 -23334.5238 70.0000 45.0000 5000.0000 3000.0000 0.6541 -0.0703 0.0000
-83.9572 43.1411 -23334.5238 70.0000 45.0000 5000.0000 3000.0000 0.6858 -0.0328 0.0000
-83.8994 43.1564 -23334.5238 70.0000 45.0000 5000.0000 3000.0000 0.6615 0.0182 0.0000
-83.8416 43.1717 -23334.5238 70.0000 45.0000 5000.0000 3000.0000 0.5838 0.0596 0.0000
-83.7837 43.1870 -23334.5238 70.0000 45.0000 5000.0000 3000.0000 0.4853 0.0783 0.0000
-83.7258 43.2022 -23334.5238 70.0000 45.0000 5000.0000 3000.0000 0.4096 0.0731 0.0000
-83.6679 43.2174 -23334.5238 70.0000 45.0000 5000.0000 3000.0000 0.3810 0.0528 0.0000
-83.6100 43.2326 -23334.5238 70.0000 45.0000 5000.0000 3000.0000 0.3940 0.0325 0.0000
-83.5520 43.2477 -23334.5238 70.0000 45.0000 5000.0000 3000.0000 0.4171 0.0292 0.0000
-83.4940 43.2629 -23334.5238 70.0000 45.0000 5000.0000 3000.0000 0.4072 0.0431 0.0000
-83.4360 43.2779 -23334.5238 70.0000 45.0000 5000.0000 3000.0000 0.3428 0.0518 0.0000
-83.3779 43.2930 -23334.5238 70.0000 45.0000 5000.0000 3000.0000 0.2500 0.0302 0.0000
-83.3199 43.3080 -23334.5238 70.0000 45.0000 5000.0000 3000.0000 0.1895 -0.0199 0.0000
-83.2617 43.3230 -23334.5238 70.0000 45.0000 5000.0000 3000.0000 0.1952 -0.0630 0.0000
-83.2036 43.3380 -23334.5238 70.0000 45.0000 5000.0000 3000.0000 0.2317 -0.0640 0.0000
-83.1454 43.3529 -23334.5238 70.0000 45.0000 5000.0000 3000.0000 0.2411 -0.0270 0.0000
-83.0872 43.3678 -23334.5238 70.0000 45.0000 5000.0000 3000.0000 0.2137 0.0156 0.0000
-83.0290 43.3827 -23334.5238 70.0000 45.0000 5000.0000 3000.0000 0.1809 0.0427 0.0000
-82.9708 43.3975 -23334.5238 70.0000 45.0000 5000.0000 3000.0000 0.1673 0.0554 0.0000
-85.2121 42.7789 -25455.8441 70.0000 45.0000 5000.0000 3000.0000 0.1559 0.0594 0.0000
-85.1550 42.7949 -25455.8441 70.0000 45.0000 5000.0000 3000.0000 0.1237 0.0527 0.0000
-85.0978 42.8108 -25455.8441 70.0000 45.0000 5000.0000 3000.0000 0.1127 0.0402 0.0000
-85.0406 42.8267 -25455.8441 70.0000 45.0000 5000.0000 3000.0000 0.1365 0.0267 0.0000
-84.9834 42.8425 -25455.8441 70.0000 45.0000 5000.0000 3000.0000 0.1939 0.0212 0.0000
-84.9262 42.8584 -25455.8441 70.0000 45.0000 5000.0000 3000.0000 0.2665 0.0290 0.0000
-84.8689 42.8742 -25455.8441 70.0000 45.0000 5000.0000 3000.0000 0.3299 0.0464 0.0000
-84.8116 42.8900 -25455.8441 70.0000 45.0000 5000.0000 3000.0000 0.3682 0.0622 0.0000
-84.7542 42.9057 -25455.8441 70.0000 45.0000 5000.0000 3000.0000 0.3799 0.0638 0.0000
-84.6968 42.9214 -25455.8441 70.0000 45.0000 5000.0000 3000.0000 0.3779 0.0442 0.0000
-84.6394 42.9371 -25455.8441 70.0000 45.0000 5000.0000 3000.0000 0.3838 0.0074 0.0000
-84.5820 42.9528 -25455.8441 70.0000 45.0000 5000.0000 3000.0000 0.4126 -0.0312 0.0000
-84.5245 42.9684 -25455.8441 70.0000 45.0000 5000.0000 3000.0000 0.4610 -0.0559 0.0000
-84.4670 42.9840 -25455.8441 70.0000 45.0000 5000.0000 3000.0000 0.5154 -0.0601 0.0000
-84.4095 42.9996 -25455.8441 70.0000 45.0000 5000.0000 3000.0000 0.5636 -0.0467 0.0000
-84.3520 43.0151 -25455.8441 70.0000 45.0000 5000.0000 3000.0000 0.5960 -0.0222 0.0000
-84.2944 43.0307 -25455.8441 70.0000 45.0000 5000.0000 3000.0000 0.6036 0.0047 0.0000
-84.2368 43.0462 -25455.8441 70.0000 45.0000 5000.0000 3000.0000 0.5828 0.0201 0.0000
-84.1791 43.0616 -25455.8441 70.0000 45.0000 5000.0000 3000.0000 0.5483 0.0084 0.0000
-84.1215 43.0770 -25455.8441 70.0000 45.0000 5000.0000 3000.0000 0.5338 -0.0274 0.0000
-84.0638 43.0925 -25455.8441 70.0000 45.0000 5000.0000 3000.0000 0.5591 -0.0586 0.0000
-84.0061 43.1078 -25455.8441 70.0000 45.0000 5000.0000 3000.0000 0.6042 -0.0574 0.0000
-83.9483 43.1232 -25455.8441 70.0000 45.0000 5000.0000 3000.0000 0.6292 -0.0227 0.0000
-83.8905 43.1385 -25455.8441 70.0000 45.0000 5000.0000 3000.0000 0.6065 0.0265 0.0000
-83.8327 43.1538 -25455.8441 70.0000 45.0000 5000.0000 3000.0000 0.5372 0.0678 0.0000
-83.7749 43.1690 -25455.8441 70.0000 45.0000 5000.0000 3000.0000 0.4494 0.0863 0.0000
-83.7170 43.1843 -25455.8441 70.0000 45.0000 5000.0000 3000.0000 0.3816 0.0809 0.0000
-83.6591 43.1995 -25455.8441 70.0000 45.0000 5000.0000 3000.0000 0.3561 0.0627 0.0000
-83.6012 43.2146 -25455.8441 70.0000 45.0000 5000.0000 3000.0000 0.3664 0.0480 0.0000
-83.5432 43.2298 -25455.8441 70.0000 45.0000 5000.0000 3000.0000 0.3835 0.0493 0.0000
-83.4852 43.2449 -25455.8441 70.0000 45.0000 5000.0000 3000.0000 0.3728 0.0632 0.0000
-83.4272 43.2599 -25455.8441 70.0000 45.0000 5000.0000 3000.0000 0.3197 0.0688 0.0000
-83.3692 43.2750 -25455.8441 70.0000 45.0000 5000.0000 3000.0000 0.2464 0.0459 0.0000
-83.3111 43.2900 -25455.8441 70.0000 45.0000 5000.0000 3000.0000 0.1993 -0.0013 0.0000
-83.2530 43.3050 -25455.8441 70.0000 45.0000 5000.0000 3000.0000 0.2017 -0.0400 0.0000
-83.1949 43.3200 -25455.8441 70.0000 45.0000 5000.0000 3000.0000 0.2262 -0.0408 0.0000
-83.1368 43.3349 -25455.8441 70.0000 45.0000 5000.0000 3000.0000 0.2305 -0.0086 0.0000
-83.0786 43.3498 -25455.8441 70.0000 45.0000 5000.0000 3000.0000 0.2078 0.0288 0.0000
-83.0204 43.3647 -25455.8441 70.0000 45.0000 5000.0000 3000.0000 0.1809 0.0530 0.0000
-82.9621 43.3795 -25455.8441 70.0000 45.0000 5000.0000 3000.0000 0.1693 0.0645 0.0000
-85.2030 42.7611 -27577.1645 70.0000 45.0000 5000.0000 3000.0000 0.1571 0.0588 0.0000
-85.1458 42.7770 -27577.1645 70.0000 45.0000 5000.0000 3000.0000 0.1224 0.0499 0.0000
-85.0887 42.7929 -27577.1645 70.0000 45.0000 5000.0000 3000.0000 0.1096 0.0339 0.0000
-85.0315 42.8088 -27577.1645 70.0000 45.0000 5000.0000 3000.0000 0.1306 0.0169 0.0000
-84.9743 42.8247 -27577.1645 70.0000 45.0000 5000.0000 3000.0000 0.1839 0.0088 0.0000
-84.9170 42.8405 -27577.1645 70.0000 45.0000 5000.0000 3000.0000 0.2523 0.0158 0.0000
-84.8598 42.8563 -27577.1645 70.0000 45.0000 5000.0000 3000.0000 0.3134 0.0346 0.0000
-84.8025 42.8721 -27577.1645 70.0000 45.0000 5000.0000 3000.0000 0.3523 0.0535 0.0000
-84.7451 42.8878 -27577.1645 70.0000 45.0000 5000.0000 3000.0000 0.3669 0.0595 0.0000
-84.6878 42.9035 -27577.1645 70.0000 45.0000 5000.0000 3000.0000 0.3678 0.0448 0.0000
-84.6304 42.9192 -27577.1645 70.0000 45.0000 5000.0000 3000.0000 0.3727 0.0124 0.0000
-84.5730 42.9349 -27577.1645 70.0000 45.0000 5000.0000 3000.0000 0.3944 -0.0240 0.0000
-84.5155 42.9505 -27577.1645 70.0000 45.0000 5000.0000 3000.0000 0.4324 -0.0493 0.0000
-84.4580 42.9661 -27577.1645 70.0000 45.0000 5000.0000 3000.0000 0.4774 -0.0557 0.0000
-84.4005 42.9817 -27577.1645 70.0000 45.0000 5000.0000 3000.0000 0.5184 -0.0444 0.0000
-84.3430 42.9972 -27577.1645 70.0000 45.0000 5000.0000 3000.0000 0.5456 -0.0216 0.0000
-84.2854 43.0127 -27577.1645 70.0000 45.0000 5000.0000 3000.0000 0.5510 0.0026 0.0000
-84.2278 43.0282 -27577.1645 70.0000 45.0000 5000.0000 3000.0000 0.5342 0.0148 0.0000
-84.1702 43.0437 -27577.1645 70.0000 45.0000 5000.0000 3000.0000 0.5090 0.0043 0.0000
-84.1126 43.0591 -27577.1645 70.0000 45.0000 5000.0000 3000.0000 0.4997 -0.0243 0.0000
-84.0549 43.0745 -27577.1645 70.0000 45.0000 5000.0000 3000.0000 0.5192 -0.0487 0.0000
-83.9972 43.0899 -27577.1645 70.0000 45.0000 5000.0000 3000.0000 0.5530 -0.0471 0.0000
-83.9394 43.1052 -27577.1645 70.0000 45.0000 5000.0000 3000.0000 0.5702 -0.0167 0.0000
-83.8817 43.1205 -27577.1645 70.0000 45.0000 5000.0000 3000.0000 0.5481 0.0278 0.0000
-83.8239 43.1358 -27577.1645 70.0000 45.0000 5000.0000 3000.0000 0.4875 0.0660 0.0000
-83.7660 43.1511 -27577.1645 70.0000 45.0000 5000.0000 3000.0000 0.4120 0.0836 0.0000
-83.7082 43.1663 -27577.1645 70.0000 45.0000 5000.0000 3000.0000 0.3536 0.0797 0.0000
-83.6503 43.1815 -27577.1645 70.0000 45.0000 5000.0000 3000.0000 0.3308 0.0652 0.0000
-83.5924 43.1966 -27577.1645 70.0000 45.0000 5000.0000 3000.0000 0.3376 0.0554 0.0000
-83.5345 43.2118 -27577.1645 70.0000 45.0000 5000.0000 3000.0000 0.3495 0.0590 0.0000
-83.4765 43.2269 -27577.1645 70.0000 45.0000 5000.0000 3000.0000 0.3397 0.0710 0.0000
-83.4185 43.2420 -27577.1645 70.0000 45.0000 5000.0000 3000.0000 0.2986 0.0739 0.0000
-83.3605 43.2570 -27577.1645 70.0000 45.0000 5000.0000 3000.0000 0.2438 0.0529 0.0000
-83.3024 43.2720 -27577.1645 70.0000 45.0000 5000.0000 3000.0000 0.2082 0.0136 0.0000
-83.2443 43.2870 -27577.1645 70.0000 45.0000 5000.0000 3000.0000 0.2071 -0.0172 0.0000
-83.1862 43.3020 -27577.1645 70.0000 45.0000 5000.0000 3000.0000 0.2208 -0.0174 0.0000
-83.1281 43.3169 -27577.1645 70.0000 45.0000 5000.0000 3000.0000 0.2208 0.0087 0.0000
-83.0699 43.3318 -27577.1645 70.0000 45.0000 5000.0000 3000.0000 0.2021 0.0393 0.0000
-83.0117 43.3466 -27577.1645 70.0000 45.0000 5000.0000 3000.0000 0.1805 0.0597 0.0000
-82.9535 43.3615 -27577.1645 70.0000 45.0000 5000.0000 3000.0000 0.1706 0.0701 0.0000
-85.1938 42.7432 -29698.4848 70.0000 45.0000 5000.0000 3000.0000 0.1593 0.0578 0.0000
-85.1367 42.7592 -29698.4848 70.0000 45.0000 5000.0000 3000.0000 0.1235 0.0467 0.0000
-85.0795 42.7751 -29698.4848 70.0000 45.0000 5000.0000 3000.0000 0.1092 0.0284 0.0000
-85.0223 42.7909 -29698.4848 70.0000 45.0000 5000.0000 3000.0000 0.1266 0.0093 0.0000
-84.9652 42.8068 -29698.4848 70.0000 45.0000 5000.0000 3000.0000 0.1736 -0.0007 0.0000
-84.9079 42.8226 -29698.4848 70.0000 45.0000 5000.0000 3000.0000 0.2351 0.0046 0.0000
-84.8507 42.8384 -29698.4848 70.0000 45.0000 5000.0000 3000.0000 0.2917 0.0224 0.0000
-84.7934 42.8542 -29698.4848 70.0000 45.0000 5000.0000 3000.0000 0.3298 0.0421 0.0000
-84.7361 42.8699 -29698.4848 70.0000 45.0000 5000.0000 3000.0000 0.3468 0.0512 0.0000
-84.6787 42.8856 -29698.4848 70.0000 45.0000 5000.0000 3000.0000 0.3507 0.0417 0.0000
-84.6213 42.9013 -29698.4848 70.0000 45.0000 5000.0000 3000.0000 0.3553 0.0156 0.0000
-84.5639 42.9170 -29698.4848 70.0000 45.0000 5000.0000 3000.0000 0.3715 -0.0162 0.0000
-84.5065 42.9326 -29698.4848 70.0000 45.0000 5000.0000 3000.0000 0.4008 -0.0402 0.0000
-84.4490 42.9482 -29698.4848 70.0000 45.0000 5000.0000 3000.0000 0.4372 -0.0487 0.0000
-84.3915 42.9638 -29698.4848 70.0000 45.0000 5000.0000 3000.0000 0.4716 -0.0408 0.0000
-84.3340 42.9793 -29698.4848 70.0000 45.0000 5000.0000 3000.0000 0.4946 -0.0221 0.0000
-84.2765 42.9948 -29698.4848 70.0000 45.0000 5000.0000 3000.0000 0.4999 -0.0021 0.0000
-84.2189 43.0103 -29698.4848 70.0000 45.0000 5000.0000 3000.0000 0.4880 0.0075 0.0000
-84.1613 43.0257 -29698.4848 70.0000 45.0000 5000.0000 3000.0000 0.4706 -0.0009 0.0000
-84.1036 43.0412 -29698.4848 70.0000 45.0000 5000.0000 3000.0000 0.4649 -0.0230 0.0000
-84.0460 43.0566 -29698.4848 70.0000 45.0000 5000.0000 3000.0000 0.4794 -0.0415 0.0000
-83.9883 43.0719 -29698.4848 70.0000 45.0000 5000.0000 3000.0000 0.5031 -0.0397 0.0000
-83.9306 43.0873 -29698.4848 70.0000 45.0000 5000.0000 3000.0000 0.5126 -0.0143 0.0000
-83.8728 43.1026 -29698.4848 70.0000 45.0000 5000.0000 3000.0000 0.4906 0.0233 0.0000
-83.8150 43.1178 -29698.4848 70.0000 45.0000 5000.0000 3000.0000 0.4382 0.0562 0.0000
-83.7572 43.1331 -29698.4848 70.0000 45.0000 5000.0000 3000.0000 0.3747 0.0720 0.0000
-83.6994 43.1483 -29698.4848 70.0000 45.0000 5000.0000 3000.0000 0.3257 0.0698 0.0000
-83.6415 43.1635 -29698.4848 70.0000 45.0000 5000.0000 3000.0000 0.3056 0.0595 0.0000
-83.5836 43.1787 -29698.4848 70.0000 45.0000 5000.0000 3000.0000 0.3094 0.0534 0.0000
-83.5257 43.1938 -29698.4848 70.0000 45.0000 5000.0000 3000.0000 0.3174 0.0578 0.0000
-83.4677 43.2089 -29698.4848 70.0000 45.0000 5000.0000 3000.0000 0.3096 0.0672 0.0000
-83.4098 43.2240 -29698.4848 70.0000 45.0000 5000.0000 3000.0000 0.2797 0.0684 0.0000
-83.3518 43.2390 -29698.4848 70.0000 45.0000 5000.0000 3000.0000 0.2404 0.0514 0.0000
-83.2937 43.2540 -29698.4848 70.0000 45.0000 5000.0000 3000.0000 0.2140 0.0218 0.0000
-83.2356 43.2690 -29698.4848 70.0000 45.0000 5000.0000 3000.0000 0.2101 -0.0003 0.0000
-83.1776 43.2839 -29698.4848 70.0000 45.0000 5000.0000 3000.0000 0.2158 0.0006 0.0000
-83.1194 43.2989 -29698.4848 70.0000 45.0000 5000.0000 3000.0000 0.2125 0.0210 0.0000
-83.0613 43.3138 -29698.4848 70.0000 45.0000 5000.0000 3000.0000 0.1970 0.0453 0.0000
-83.0031 43.3286 -29698.4848 70.0000 45.0000 5000.0000 3000.0000 0.1797 0.0623 0.0000
-82.9449 43.3435 -29698.4848 70.0000 45.0000 5000.0000 3000.0000 0.1712 0.0719 0.0000
-85.1846 42.7254 -31819.8052 70.0000 45.0000 5000.0000 3000.0000 0.1624 0.0566 0.0000
-85.1275 42.7413 -31819.8052 70.0000 45.0000 5000.0000 3000.0000 0.1261 0.0438 0.0000
-85.0704 42.7572 -31819.8052 70.0000 45.0000 5000.0000 3000.0000 0.1104 0.0242 0.0000
-85.0132 42.7731 -31819.8052 70.0000 45.0000 5000.0000 3000.0000 0.1235 0.0040 0.0000
-84.9560 42.7889 -31819.8052 70.0000 45.0000 5000.0000 3000.0000 0.1630 -0.0074 0.0000
-84.8988 42.8047 -31819.8052 70.0000 45.0000 5000.0000 3000.0000 0.2163 -0.0044 0.0000
-84.8416 42.8205 -31819.8052 70.0000 45.0000 5000.0000 3000.0000 0.2669 0.0110 0.0000
-84.7843 42.8363 -31819.8052 70.0000 45.0000 5000.0000 3000.0000 0.3030 0.0295 0.0000
-84.7270 42.8520 -31819.8052 70.0000 45.0000 5000.0000 3000.0000 0.3217 0.0400 0.0000
-84.6697 42.8677 -31819.8052 70.0000 45.0000 5000.0000 3000.0000 0.3282 0.0353 0.0000
-84.6123 42.8834 -31819.8052 70.0000 45.0000 5000.0000 3000.0000 0.3332 0.0159 0.0000
-84.5549 42.8991 -31819.8052 70.0000 45.0000 5000.0000 3000.0000 0.3455 -0.0101 0.0000
-84.4975 42.9147 -31819.8052 70.0000 45.0000 5000.0000 3000.0000 0.3681 -0.0316 0.0000
-84.4400 42.9303 -31819.8052 70.0000 45.0000 5000.0000 3000.0000 0.3973 -0.0410 0.0000
-84.3826 42.9458 -31819.8052 70.0000 45.0000 5000.0000 3000.0000 0.4259 -0.0366 0.0000
-84.3251 42.9614 -31819.8052 70.0000 45.0000 5000.0000 3000.0000 0.4459 -0.0225 0.0000
-84.2675 42.9769 -31819.8052 70.0000 45.0000 5000.0000 3000.0000 0.4518 -0.0069 0.0000
-84.2100 42.9924 -31819.8052 70.0000 45.0000 5000.0000 3000.0000 0.4448 0.0005 0.0000
-84.1524 43.0078 -31819.8052 70.0000 45.0000 5000.0000 3000.0000 0.4337 -0.0059 0.0000
-84.0947 43.0232 -31819.8052 70.0000 45.0000 5000.0000 3000.0000 0.4306 -0.0224 0.0000
-84.0371 43.0386 -31819.8052 70.0000 45.0000 5000.0000 3000.0000 0.4409 -0.0361 0.0000
-83.9794 43.0540 -31819.8052 70.0000 45.0000 5000.0000 3000.0000 0.4561 -0.0343 0.0000
-83.9217 43.0693 -31819.8052 70.0000 45.0000 5000.0000 3000.0000 0.4590 -0.0142 0.0000
-83.8640 43.0846 -31819.8052 70.0000 45.0000 5000.0000 3000.0000 0.4370 0.0159 0.0000
-83.8062 43.0999 -31819.8052 70.0000 45.0000 5000.0000 3000.0000 0.3917 0.0423 0.0000
-83.7484 43.1151 -31819.8052 70.0000 45.0000 5000.0000 3000.0000 0.3389 0.0552 0.0000
-83.6906 43.1303 -31819.8052 70.0000 45.0000 5000.0000 3000.0000 0.2983 0.0543 0.0000
-83.6327 43.1455 -31819.8052 70.0000 45.0000 5000.0000 3000.0000 0.2809 0.0473 0.0000
-83.5748 43.1607 -31819.8052 70.0000 45.0000 5000.0000 3000.0000 0.2824 0.0438 0.0000
-83.5169 43.1758 -31819.8052 70.0000 45.0000 5000.0000 3000.0000 0.2881 0.0480 0.0000
-83.4590 43.1909 -31819.8052 70.0000 45.0000 5000.0000 3000.0000 0.2829 0.0552 0.0000
-83.4010 43.2060 -31819.8052 70.0000 45.0000 5000.0000 3000.0000 0.2624 0.0557 0.0000
-83.3430 43.2210 -31819.8052 70.0000 45.0000 5000.0000 3000.0000 0.2352 0.0434 0.0000
-83.2850 43.2360 -31819.8052 70.0000 45.0000 5000.0000 3000.0000 0.2159 0.0232 0.0000
-83.2270 43.2510 -31819.8052 70.0000 45.0000 5000.0000 3000.0000 0.2104 0.0091 0.0000
-83.1689 43.2659 -31819.8052 70.0000 45.0000 5000.0000 3000.0000 0.2106 0.0114 0.0000
-83.1108 43.2809 -31819.8052 70.0000 45.0000 5000.0000 3000.0000 0.2052 0.0276 0.0000
-83.0526 43.2957 -31819.8052 70.0000 45.0000 5000.0000 3000.0000 0.1922 0.0469 0.0000
-82.9945 43.3106 -31819.8052 70.0000 45.0000 5000.0000 3000.0000 0.1784 0.0614 0.0000
-82.9363 43.3254 -31819.8052 70.0000 45.0000 5000.0000 3000.0000 0.1709 0.0705 0.0000
-85.1754 42.7075 -33941.1255 70.0000 45.0000 5000.0000 3000.0000 0.1659 0.0559 0.0000
-85.1183 42.7234 -33941.1255 70.0000 45.0000 5000.0000 3000.0000 0.1295 0.0418 0.0000
-85.0612 42.7393 -33941.1255 70.0000 45.0000 5000.0000 3000.0000 0.1122 0.0214 0.0000
-85.0041 42.7552 -33941.1255 70.0000 45.0000 5000.0000 3000.0000 0.1206 0.0009 0.0000
-84.9469 42.7711 -33941.1255 70.0000 45.0000 5000.0000 3000.0000 0.1524 -0.0116 0.0000
-84.8897 42.7869 -33941.1255 70.0000 45.0000 5000.0000 3000.0000 0.1969 -0.0112 0.0000
-84.8325 42.8027 -33941.1255 70.0000 45.0000 5000.0000 3000.0000 0.2409 0.0008 0.0000
-84.7752 42.8184 -33941.1255 70.0000 45.0000 5000.0000 3000.0000 0.2742 0.0168 0.0000
-84.7179 42.8341 -33941.1255 70.0000 45.0000 5000.0000 3000.0000 0.2934 0.0276 0.0000
-84.6606 42.8498 -33941.1255 70.0000 45.0000 5000.0000 3000.0000 0.3021 0.0265 0.0000
-84.6033 42.8655 -33941.1255 70.0000 45.0000 5000.0000 3000.0000 0.3079 0.0131 0.0000
-84.5459 42.8812 -33941.1255 70.0000 45.0000 5000.0000 3000.0000 0.3181 -0.0068 0.0000
-84.4885 42.8968 -33941.1255 70.0000 45.0000 5000.0000 3000.0000 0.3358 -0.0248 0.0000
-84.4310 42.9124 -33941.1255 70.0000 45.0000 5000.0000 3000.0000 0.3594 -0.0341 0.0000
-84.3736 42.9279 -33941.1255 70.0000 45.0000 5000.0000 3000.0000 0.3832 -0.0324 0.0000
-84.3161 42.9435 -33941.1255 70.0000 45.0000 5000.0000 3000.0000 0.4007 -0.0224 0.0000
-84.2586 42.9590 -33941.1255 70.0000 45.0000 5000.0000 3000.0000 0.4077 -0.0107 0.0000
-84.2010 42.9744 -33941.1255 70.0000 45.0000 5000.0000 3000.0000 0.4049 -0.0050 0.0000
-84.1434 42.9899 -33941.1255 70.0000 45.0000 5000.0000 3000.0000 0.3988 -0.0096 0.0000
-84.0858 43.0053 -33941.1255 70.0000 45.0000 5000.0000 3000.0000 0.3977 -0.0214 0.0000
-84.0282 43.0207 -33941.1255 70.0000 45.0000 5000.0000 3000.0000 0.4047 -0.0312 0.0000
-83.9705 43.0360 -33941.1255 70.0000 45.0000 5000.0000 3000.0000 0.4132 -0.0296 0.0000
-83.9128 43.0514 -33941.1255 70.0000 45.0000 5000.0000 3000.0000 0.4108 -0.0142 0.0000
-83.8551 43.0666 -33941.1255 70.0000 45.0000 5000.0000 3000.0000 0.3889 0.0084 0.0000
-83.7974 43.0819 -33941.1255 70.0000 45.0000 5000.0000 3000.0000 0.3496 0.0282 0.0000
-83.7396 43.0972 -33941.1255 70.0000 45.0000 5000.0000 3000.0000 0.3055 0.0377 0.0000
-83.6818 43.1124 -33941.1255 70.0000 45.0000 5000.0000 3000.0000 0.2719 0.0369 0.0000
-83.6239 43.1275 -33941.1255 70.0000 45.0000 5000.0000 3000.0000 0.2568 0.0319 0.0000
-83.5661 43.1427 -33941.1255 70.0000 45.0000 5000.0000 3000.0000 0.2571 0.0298 0.0000
-83.5082 43.1578 -33941.1255 70.0000 45.0000 5000.0000 3000.0000 0.2616 0.0332 0.0000
-83.4503 43.1729 -33941.1255 70.0000 45.0000 5000.0000 3000.0000 0.2592 0.0387 0.0000
-83.3923 43.1880 -33941.1255 70.0000 45.0000 5000.0000 3000.0000 0.2462 0.0394 0.0000
-83.3343 43.2030 -33941.1255 70.0000 45.0000 5000.0000 3000.0000 0.2281 0.0317 0.0000
-83.2763 43.2180 -33941.1255 70.0000 45.0000 5000.0000 3000.0000 0.2141 0.0194 0.0000
-83.2183 43.2330 -33941.1255 70.0000 45.0000 5000.0000 3000.0000 0.2079 0.0119 0.0000
-83.1602 43.2479 -33941.1255 70.0000 45.0000 5000.0000 3000.0000 0.2050 0.0157 0.0000
-83.1021 43.2628 -33941.1255 70.0000 45.0000 5000.0000 3000.0000 0.1985 0.0292 0.0000
-83.0440 43.2777 -33941.1255 70.0000 45.0000 5000.0000 3000.0000 0.1875 0.0450 0.0000
-82.9859 43.2926 -33941.1255 70.0000 45.0000 5000.0000 3000.0000 0.1762 0.0577 0.0000
-82.9277 43.3074 -33941.1255 70.0000 45.0000 5000.0000 3000.0000 0.1695 0.0666 0.0000
-85.1662 42.6897 -36062.4458 70.0000 45.0000 5000.0000 3000.0000 0.1696 0.0564 0.0000
-85.1092 42.7056 -36062.4458 70.0000 45.0000 5000.0000 3000.0000 0.1330 0.0414 0.0000
-85.0521 42.7215 -36062.4458 70.0000 45.0000 5000.0000 3000.0000 0.1140 0.0207 0.0000
-84.9950 42.7373 -36062.4458 70.0000 45.0000 5000.0000 3000.0000 0.1176 0.0001 0.0000
-84.9378 42.7532 -36062.4458 70.0000 45.0000 5000.0000 3000.0000 0.1417 -0.0135 0.0000
-84.8806 42.7690 -36062.4458 70.0000 45.0000 5000.0000 3000.0000 0.1778 -0.0158 0.0000
-84.8234 42.7848 -36062.4458 70.0000 45.0000 5000.0000 3000.0000 0.2150 -0.0076 0.0000
-84.7661 42.8005 -36062.4458 70.0000 45.0000 5000.0000 3000.0000 0.2448 0.0053 0.0000
-84.7089 42.8163 -36062.4458 70.0000 45.0000 5000.0000 3000.0000 0.2639 0.0152 0.0000
-84.6516 42.8319 -36062.4458 70.0000 45.0000 5000.0000 3000.0000 0.2741 0.0166 0.0000
-84.5942 42.8476 -36062.4458 70.0000 45.0000 5000.0000 3000.0000 0.2809 0.0082 0.0000
-84.5369 42.8633 -36062.4458 70.0000 45.0000 5000.0000 3000.0000 0.2900 -0.0063 0.0000
-84.4795 42.8789 -36062.4458 70.0000 45.0000 5000.0000 3000.0000 0.3046 -0.0205 0.0000
-84.4221 42.8945 -36062.4458 70.0000 45.0000 5000.0000 3000.0000 0.3240 -0.0287 0.0000
-84.3646 42.9100 -36062.4458 70.0000 45.0000 5000.0000 3000.0000 0.3440 -0.0285 0.0000
-84.3071 42.9255 -36062.4458 70.0000 45.0000 5000.0000 3000.0000 0.3598 -0.0216 0.0000
-84.2496 42.9410 -36062.4458 70.0000 45.0000 5000.0000 3000.0000 0.3677 -0.0130 0.0000
-84.1921 42.9565 -36062.4458 70.0000 45.0000 5000.0000 3000.0000 0.3684 -0.0085 0.0000
-84.1345 42.9719 -36062.4458 70.0000 45.0000 5000.0000 3000.0000 0.3662 -0.0114 0.0000
-84.0769 42.9873 -36062.4458 70.0000 45.0000 5000.0000 3000.0000 0.3666 -0.0194 0.0000
-84.0193 43.0027 -36062.4458 70.0000 45.0000 5000.0000 3000.0000 0.3712 -0.0259 0.0000
-83.9617 43.0181 -36062.4458 70.0000 45.0000 5000.0000 3000.0000 0.3747 -0.0243 0.0000
-83.9040 43.0334 -36062.4458 70.0000 45.0000 5000.0000 3000.0000 0.3685 -0.0131 0.0000
-83.8463 43.0487 -36062.4458 70.0000 45.0000 5000.0000 3000.0000 0.3470 0.0031 0.0000
-83.7885 43.0640 -36062.4458 70.0000 45.0000 5000.0000 3000.0000 0.3126 0.0167 0.0000
-83.7308 43.0792 -36062.4458 70.0000 45.0000 5000.0000 3000.0000 0.2754 0.0226 0.0000
-83.6730 43.0944 -36062.4458 70.0000 45.0000 5000.0000 3000.0000 0.2471 0.0211 0.0000
-83.6152 43.1096 -36062.4458 70.0000 45.0000 5000.0000 3000.0000 0.2340 0.0168 0.0000
-83.5573 43.1247 -36062.4458 70.0000 45.0000 5000.0000 3000.0000 0.2337 0.0148 0.0000
-83.4994 43.1398 -36062.4458 70.0000 45.0000 5000.0000 3000.0000 0.2378 0.0171 0.0000
-83.4415 43.1549 -36062.4458 70.0000 45.0000 5000.0000 3000.0000 0.2378 0.0211 0.0000
-83.3836 43.1700 -36062.4458 70.0000 45.0000 5000.0000 3000.0000 0.2306 0.0224 0.0000
-83.3256 43.1850 -36062.4458 70.0000 45.0000 5000.0000 3000.0000 0.2192 0.0186 0.0000
-83.2676 43.2000 -36062.4458 70.0000 45.0000 5000.0000 3000.0000 0.2092 0.0125 0.0000
-83.2096 43.2150 -36062.4458 70.0000 45.0000 5000.0000 3000.0000 0.2032 0.0101 0.0000
-83.1516 43.2299 -36062.4458 70.0000 45.0000 5000.0000 3000.0000 0.1986 0.0155 0.0000
-83.0935 43.2448 -36062.4458 70.0000 45.0000 5000.0000 3000.0000 0.1919 0.0273 0.0000
-83.0354 43.2597 -36062.4458 70.0000 45.0000 5000.0000 3000.0000 0.1825 0.0408 0.0000
-82.9772 43.2746 -36062.4458 70.0000 45.0000 5000.0000 3000.0000 0.1732 0.0523 0.0000
-82.9191 43.2894 -36062.4458 70.0000 45.0000 5000.0000 3000.0000 0.1673 0.0611 0.0000
-85.1571 42.6718 -38183.7662 70.0000 45.0000 5000.0000 3000.0000 0.1730 0.0586 0.0000
-85.1000 42.6877 -38183.7662 70.0000 45.0000 5000.0000 3000.0000 0.1363 0.0430 0.0000
-85.0429 42.7036 -38183.7662 70.0000 45.0000 5000.0000 3000.0000 0.1155 0.0223 0.0000
-84.9858 42.7195 -38183.7662 70.0000 45.0000 5000.0000 3000.0000 0.1144 0.0017 0.0000
-84.9287 42.7353 -38183.7662 70.0000 45.0000 5000.0000 3000.0000 0.1313 -0.0130 0.0000
-84.8715 42.7511 -38183.7662 70.0000 45.0000 5000.0000 3000.0000 0.1594 -0.0179 0.0000
-84.8143 42.7669 -38183.7662 70.0000 45.0000 5000.0000 3000.0000 0.1900 -0.0136 0.0000
-84.7571 42.7826 -38183.7662 70.0000 45.0000 5000.0000 3000.0000 0.2161 -0.0042 0.0000
-84.6998 42.7984 -38183.7662 70.0000 45.0000 5000.0000 3000.0000 0.2343 0.0042 0.0000
-84.6425 42.8140 -38183.7662 70.0000 45.0000 5000.0000 3000.0000 0.2455 0.0069 0.0000
-84.5852 42.8297 -38183.7662 70.0000 45.0000 5000.0000 3000.0000 0.2533 0.0022 0.0000
-84.5279 42.8453 -38183.7662 70.0000 45.0000 5000.0000 3000.0000 0.2621 -0.0077 0.0000
-84.4705 42.8610 -38183.7662 70.0000 45.0000 5000.0000 3000.0000 0.2748 -0.0181 0.0000
-84.4131 42.8765 -38183.7662 70.0000 45.0000 5000.0000 3000.0000 0.2912 -0.0246 0.0000
-84.3556 42.8921 -38183.7662 70.0000 45.0000 5000.0000 3000.0000 0.3085 -0.0250 0.0000
-84.2982 42.9076 -38183.7662 70.0000 45.0000 5000.0000 3000.0000 0.3229 -0.0202 0.0000
-84.2407 42.9231 -38183.7662 70.0000 45.0000 5000.0000 3000.0000 0.3317 -0.0137 0.0000
-84.1832 42.9386 -38183.7662 70.0000 45.0000 5000.0000 3000.0000 0.3352 -0.0099 0.0000
-84.1256 42.9540 -38183.7662 70.0000 45.0000 5000.0000 3000.0000 0.3360 -0.0112 0.0000
-84.0680 42.9694 -38183.7662 70.0000 45.0000 5000.0000 3000.0000 0.3376 -0.0160 0.0000
-84.0104 42.9848 -38183.7662 70.0000 45.0000 5000.0000 3000.0000 0.3404 -0.0198 0.0000
-83.9528 43.0001 -38183.7662 70.0000 45.0000 5000.0000 3000.0000 0.3406 -0.0181 0.0000
-83.8951 43.0154 -38183.7662 70.0000 45.0000 5000.0000 3000.0000 0.3319 -0.0100 0.0000
-83.8374 43.0307 -38183.7662 70.0000 45.0000 5000.0000 3000.0000 0.3110 0.0009 0.0000
-83.7797 43.0460 -38183.7662 70.0000 45.0000 5000.0000 3000.0000 0.2805 0.0094 0.0000
-83.7220 43.0612 -38183.7662 70.0000 45.0000 5000.0000 3000.0000 0.2486 0.0119 0.0000
-83.6642 43.0764 -38183.7662 70.0000 45.0000 5000.0000 3000.0000 0.2244 0.0089 0.0000
-83.6064 43.0916 -38183.7662 70.0000 45.0000 5000.0000 3000.0000 0.2129 0.0041 0.0000
-83.5485 43.1067 -38183.7662 70.0000 45.0000 5000.0000 3000.0000 0.2123 0.0014 0.0000
-83.4907 43.1218 -38183.7662 70.0000 45.0000 5000.0000 3000.0000 0.2163 0.0023 0.0000
-83.4328 43.1369 -38183.7662 70.0000 45.0000 5000.0000 3000.0000 0.2183 0.0050 0.0000
-83.3749 43.1520 -38183.7662 70.0000 45.0000 5000.0000 3000.0000 0.2153 0.0067 0.0000
-83.3169 43.1670 -38183.7662 70.0000 45.0000 5000.0000 3000.0000 0.2087 0.0060 0.0000
-83.2589 43.1820 -38183.7662 70.0000 45.0000 5000.0000 3000.0000 0.2019 0.0045 0.0000
-83.2009 43.1970 -38183.7662 70.0000 45.0000 5000.0000 3000.0000 0.1965 0.0058 0.0000
-83.1429 43.2119 -38183.7662 70.0000 45.0000 5000.0000 3000.0000 0.1915 0.0124 0.0000
-83.0848 43.2268 -38183.7662 70.0000 45.0000 5000.0000 3000.0000 0.1851 0.0232 0.0000
-83.0267 43.2417 -38183.7662 70.0000 45.0000 5000.0000 3000.0000 0.1771 0.0353 0.0000
-82.9686 43.2565 -38183.7662 70.0000 45.0000 5000.0000 3000.0000 0.1695 0.0460 0.0000
-82.9105 43.2713 -38183.7662 70.0000 45.0000 5000.0000 3000.0000 0.1643 0.0547 0.0000
-85.1479 42.6539 -40305.0865 70.0000 45.0000 5000.0000 3000.0000 0.1758 0.0624 0.0000
-85.0909 42.6698 -40305.0865 70.0000 45.0000 5000.0000 3000.0000 0.1391 0.0467 0.0000
-85.0338 42.6857 -40305.0865 70.0000 45.0000 5000.0000 3000.0000 0.1164 0.0262 0.0000
-84.9767 42.7016 -40305.0865 70.0000 45.0000 5000.0000 3000.0000 0.1110 0.0056 0.0000
-84.9196 42.7174 -40305.0865 70.0000 45.0000 5000.0000 3000.0000 0.1214 -0.0100 0.0000
-84.8624 42.7332 -40305.0865 70.0000 45.0000 5000.0000 3000.0000 0.1423 -0.0175 0.0000
-84.8052 42.7490 -40305.0865 70.0000 45.0000 5000.0000 3000.0000 0.1667 -0.0167 0.0000
-84.7480 42.7647 -40305.0865 70.0000 45.0000 5000.0000 3000.0000 0.1889 -0.0108 0.0000
-84.6908 42.7805 -40305.0865 70.0000 45.0000 5000.0000 3000.0000 0.2057 -0.0044 0.0000
-84.6335 42.7961 -40305.0865 70.0000 45.0000 5000.0000 3000.0000 0.2173 -0.0014 0.0000
-84.5762 42.8118 -40305.0865 70.0000 45.0000 5000.0000 3000.0000 0.2259 -0.0036 0.0000
-84.5189 42.8274 -40305.0865 70.0000 45.0000 5000.0000 3000.0000 0.2349 -0.0098 0.0000
-84.4615 42.8430 -40305.0865 70.0000 45.0000 5000.0000 3000.0000 0.2466 -0.0170 0.0000
-84.4041 42.8586 -40305.0865 70.0000 45.0000 5000.0000 3000.0000 0.2610 -0.0216 0.0000
-84.3467 42.8742 -40305.0865 70.0000 45.0000 5000.0000 3000.0000 0.2764 -0.0219 0.0000
-84.2892 42.8897 -40305.0865 70.0000 45.0000 5000.0000 3000.0000 0.2899 -0.0182 0.0000
-84.2318 42.9052 -40305.0865 70.0000 45.0000 5000.0000 3000.0000 0.2995 -0.0130 0.0000
-84.1743 42.9206 -40305.0865 70.0000 45.0000 5000.0000 3000.0000 0.3050 -0.0095 0.0000
-84.1167 42.9361 -40305.0865 70.0000 45.0000 5000.0000 3000.0000 0.3081 -0.0093 0.0000
-84.0591 42.9515 -40305.0865 70.0000 45.0000 5000.0000 3000.0000 0.3107 -0.0114 0.0000
-84.0016 42.9668 -40305.0865 70.0000 45.0000 5000.0000 3000.0000 0.3124 -0.0128 0.0000
-83.9439 42.9822 -40305.0865 70.0000 45.0000 5000.0000 3000.0000 0.3104 -0.0108 0.0000
-83.8863 42.9975 -40305.0865 70.0000 45.0000 5000.0000 3000.0000 0.3004 -0.0050 0.0000
-83.8286 43.0128 -40305.0865 70.0000 45.0000 5000.0000 3000.0000 0.2804 0.0021 0.0000
-83.7709 43.0280 -40305.0865 70.0000 45.0000 5000.0000 3000.0000 0.2531 0.0065 0.0000
-83.7132 43.0432 -40305.0865 70.0000 45.0000 5000.0000 3000.0000 0.2253 0.0060 0.0000
-83.6554 43.0584 -40305.0865 70.0000 45.0000 5000.0000 3000.0000 0.2042 0.0013 0.0000
-83.5976 43.0736 -40305.0865 70.0000 45.0000 5000.0000 3000.0000 0.1938 -0.0047 0.0000
-83.5398 43.0887 -40305.0865 70.0000 45.0000 5000.0000 3000.0000 0.1931 -0.0087 0.0000
-83.4819 43.1039 -40305.0865 70.0000 45.0000 5000.0000 3000.0000 0.1970 -0.0096 0.0000
-83.4241 43.1189 -40305.0865 70.0000 45.0000 5000.0000 3000.0000 0.2005 -0.0081 0.0000
-83.3661 43.1340 -40305.0865 70.0000 45.0000 5000.0000 3000.0000 0.2005 -0.0062 0.0000
-83.3082 43.1490 -40305.0865 70.0000 45.0000 5000.0000 3000.0000 0.1973 -0.0049 0.0000
-83.2503 43.1640 -40305.0865 70.0000 45.0000 5000.0000 3000.0000 0.1929 -0.0034 0.0000
-83.1923 43.1790 -40305.0865 70.0000 45.0000 5000.0000 3000.0000 0.1885 0.0005 0.0000
-83.1342 43.1939 -40305.0865 70.0000 45.0000 5000.0000 3000.0000 0.1837 0.0079 0.0000
-83.0762 43.2088 -40305.0865 70.0000 45.0000 5000.0000 3000.0000 0.1780 0.0182 0.0000
-83.0181 43.2237 -40305.0865 70.0000 45.0000 5000.0000 3000.0000 0.1713 0.0293 0.0000
-82.9600 43.2385 -40305.0865 70.0000 45.0000 5000.0000 3000.0000 0.1650 0.0394 0.0000
-82.9019 43.2533 -40305.0865 70.0000 45.0000 5000.0000 3000.0000 0.1606 0.0480 0.0000
